10000 64
55 33 34 31 2 26 47 45 15 9 12 24 44 5 4 55 35 31 62 21 47 29 4 10 30 36 44 58 20 2 37 10 59 56 13 1 49 4 57 12 23 1 1 18 24 37 31 33 31 8 39 28 6 14 12 42 22 22 48 57 51 62 19 26 
5 8 50
8 11 5
6 8 12
10 13 38
20 23 30
20 22 33
2 4 23
5 10 1
12 14 16
20 22 58
7 9 37
19 22 42
4 10 27
22 1 41
20 23 21
6 9 42
23 1 54
23 2 40
18 22 19
17 20 21
7 10 5
5 7 58
4 7 26
3 6 37
17 20 32
12 14 36
23 3 59
7 10 46
12 16 13
16 20 7
8 11 44
11 14 5
20 23 36
2 7 17
7 11 55
15 20 37
12 15 15
14 17 40
19 21 62
19 20 35
16 18 46
18 21 42
15 19 1
18 21 31
16 18 34
21 23 12
2 5 52
8 10 7
22 0 52
8 12 57
18 21 43
3 5 40
12 16 61
16 18 36
23 2 43
16 19 2
23 2 13
8 11 23
22 2 37
22 2 16
4 7 37
12 14 5
15 17 36
11 14 7
16 20 36
20 23 46
16 19 63
18 22 52
18 21 44
7 10 3
23 2 54
11 14 2
6 9 48
4 5 55
19 22 22
19 23 25
21 1 10
3 6 27
18 19 17
6 10 18
6 8 42
7 9 11
9 11 14
4 7 33
23 2 34
5 8 46
5 9 42
4 7 7
7 11 14
22 0 18
16 18 43
20 23 21
3 6 18
17 19 13
17 21 19
4 7 62
16 18 21
7 12 47
19 21 58
3 6 51
20 23 2
4 6 47
11 14 9
11 13 59
23 2 52
11 13 57
9 13 55
4 9 32
8 13 24
10 14 41
22 3 47
21 0 43
20 0 16
0 3 34
1 4 47
10 14 1
2 4 28
20 0 63
13 16 51
22 0 27
11 13 34
7 8 24
18 19 61
13 15 60
1 5 11
4 7 21
15 20 33
14 16 22
1 3 57
2 5 51
9 11 7
5 8 63
16 19 56
0 4 40
7 11 63
11 15 4
10 11 6
3 8 52
15 16 31
4 6 4
4 8 54
6 8 51
5 6 62
22 1 21
6 9 28
22 2 3
3 7 48
8 11 4
22 1 55
17 21 58
2 5 21
0 3 42
21 1 23
14 17 49
5 6 28
17 19 20
17 20 23
16 20 40
8 9 20
22 0 29
20 0 19
22 23 23
8 12 24
14 17 34
15 18 37
15 16 2
7 10 63
12 13 3
7 11 20
12 16 61
0 3 40
12 15 25
9 14 42
2 6 60
10 14 64
14 19 31
13 16 15
23 1 13
2 4 35
8 12 49
21 1 54
23 2 51
5 8 4
19 22 32
21 23 6
9 11 64
2 4 18
15 18 50
13 16 32
14 19 17
6 9 54
9 11 19
23 1 56
20 23 31
18 21 22
23 3 31
15 17 44
14 19 64
18 21 9
18 22 58
14 18 19
16 19 14
0 3 14
9 13 8
18 20 16
15 19 35
18 20 53
20 23 61
7 10 6
20 0 9
16 21 54
15 19 37
20 22 30
1 5 48
12 14 54
20 22 33
5 7 40
22 1 54
13 15 30
3 7 61
17 21 32
7 8 13
6 9 23
7 12 38
21 1 23
9 13 51
21 23 63
8 10 31
11 16 46
12 14 35
11 14 46
7 10 8
9 12 64
9 13 13
2 6 54
0 3 32
9 13 31
8 10 35
13 17 28
8 10 11
15 17 22
15 19 6
7 9 34
2 7 48
7 10 49
23 2 1
13 18 35
10 13 50
17 21 44
7 8 26
9 12 25
15 19 15
6 10 30
1 4 27
7 10 35
6 8 44
7 10 13
15 16 62
23 4 53
20 23 26
13 18 19
2 6 42
12 15 33
5 7 11
5 8 49
19 22 6
23 1 48
11 15 48
9 12 15
19 22 29
11 12 3
1 5 45
17 20 51
14 16 52
14 17 43
4 7 4
5 6 16
11 14 25
21 21 32
5 9 42
15 19 46
23 2 28
15 18 2
6 10 25
9 11 64
7 9 45
3 6 5
17 19 18
17 20 15
20 22 15
7 10 12
6 10 38
19 21 18
2 4 5
23 2 40
3 7 63
13 17 55
12 16 20
10 12 1
21 23 62
5 8 37
1 4 38
9 15 46
18 19 44
0 4 46
22 1 55
5 8 36
7 11 39
21 0 37
19 22 45
10 15 35
17 19 34
7 10 53
13 15 36
14 16 35
7 11 22
4 7 60
11 12 57
2 6 53
12 13 26
11 13 18
13 16 10
9 14 53
5 8 52
3 7 3
4 6 44
10 12 44
16 19 5
23 3 50
22 1 64
15 18 42
2 5 51
17 20 41
22 1 25
8 12 31
12 13 14
19 22 8
6 10 55
1 3 42
8 10 33
0 2 42
20 23 35
1 4 40
12 16 13
16 20 6
18 22 44
3 7 34
8 12 50
20 0 60
1 3 1
3 4 24
0 0 28
22 0 50
15 17 34
1 4 14
20 23 38
10 12 1
14 18 1
12 16 61
14 17 29
12 16 60
10 12 25
14 18 48
17 21 21
10 14 63
17 22 31
4 7 36
0 3 36
22 1 16
21 23 61
22 1 21
14 16 63
10 12 31
5 8 12
13 16 34
1 4 20
1 4 52
11 15 32
16 21 12
10 13 32
23 3 37
10 14 5
22 3 43
9 11 52
8 13 62
19 22 16
20 23 29
12 16 57
3 5 23
14 16 14
11 14 13
2 6 33
2 5 23
14 17 5
18 22 13
13 17 46
4 8 14
23 1 42
13 17 42
20 23 42
16 19 36
9 11 34
8 10 8
17 20 61
18 22 52
15 20 5
14 16 47
18 22 62
5 8 32
9 13 35
22 1 28
11 15 20
1 3 10
1 3 6
9 11 46
18 22 64
13 17 44
5 7 59
14 17 1
4 6 56
1 3 55
21 21 40
5 7 20
22 1 14
9 11 51
5 8 58
9 12 55
2 4 34
23 3 26
10 14 31
3 5 34
22 1 55
5 7 10
0 2 31
10 14 4
16 19 30
19 21 7
11 12 35
10 12 2
11 12 4
13 16 25
10 13 49
14 19 63
12 16 36
17 20 41
9 11 53
17 21 59
3 6 53
16 19 9
20 23 2
19 21 12
23 1 1
14 16 35
7 8 46
22 23 51
13 16 62
5 8 39
23 0 51
9 10 37
1 4 45
14 16 16
1 4 6
5 9 54
2 3 56
10 13 23
11 14 54
19 23 39
16 16 7
22 0 62
1 4 17
1 3 35
6 8 3
11 15 63
1 4 40
14 16 45
22 0 57
21 1 8
14 16 41
0 4 18
13 17 38
9 13 59
16 19 61
13 17 36
8 11 27
23 2 32
11 14 34
3 6 26
10 14 62
18 20 11
5 7 30
3 9 47
17 19 10
1 5 27
17 21 41
21 0 9
13 16 8
14 17 30
10 14 58
4 6 55
12 16 38
19 22 19
2 5 49
7 10 61
12 14 12
22 2 26
8 11 35
6 10 44
8 11 46
7 11 29
11 14 56
5 9 16
14 16 44
20 22 53
14 18 46
20 0 50
22 0 6
16 18 21
11 14 1
9 13 28
22 2 42
5 8 52
10 14 50
3 4 15
12 14 18
4 7 40
13 16 11
16 18 59
11 14 37
10 12 38
0 2 37
6 7 41
6 9 28
23 3 4
2 5 22
21 1 35
5 9 63
7 10 61
2 5 18
16 20 41
7 9 33
22 0 9
21 0 39
10 13 64
0 3 26
10 14 59
17 20 37
20 23 63
20 22 3
5 10 50
16 19 32
10 13 15
8 12 51
10 12 25
17 20 62
14 15 49
17 19 10
15 17 34
13 16 51
16 20 2
20 21 34
8 10 34
8 11 5
2 4 63
23 2 19
10 13 39
7 10 51
4 8 32
4 6 22
21 1 25
22 2 7
22 0 21
18 22 37
15 17 48
17 19 31
19 23 10
17 20 36
9 11 5
6 8 18
16 19 48
23 4 45
22 2 59
19 23 37
19 23 24
11 14 4
8 10 53
0 4 63
7 10 50
23 0 19
1 4 63
6 9 54
15 19 33
11 14 1
8 10 64
4 7 63
7 12 26
18 20 26
1 3 63
19 22 19
3 7 46
14 16 49
3 9 17
10 14 17
13 15 52
8 11 40
3 7 5
12 16 37
12 16 30
1 5 37
21 0 32
13 16 55
18 20 47
11 15 17
12 15 29
22 0 41
5 9 44
6 8 62
19 21 20
23 1 57
19 21 15
11 13 52
8 11 7
12 14 21
14 17 62
10 13 50
4 5 19
6 10 23
10 12 34
14 17 24
23 2 61
16 18 61
15 19 39
7 10 57
19 23 25
2 3 59
3 6 21
19 23 34
14 16 15
22 2 7
5 10 15
20 23 55
21 0 61
17 21 10
17 20 29
17 21 48
22 1 52
0 3 10
9 12 22
11 15 58
5 9 10
9 11 53
23 2 51
21 0 57
21 0 64
2 5 62
21 0 25
22 3 38
18 19 1
11 14 48
11 13 17
19 20 42
12 14 1
7 9 29
6 9 48
23 2 23
18 20 21
17 20 57
20 23 45
7 11 4
18 21 18
21 23 50
7 10 26
15 18 40
15 19 37
19 22 56
3 7 63
7 11 20
15 20 24
17 20 19
23 2 9
3 6 23
20 22 11
12 14 1
10 13 55
5 9 8
22 1 30
23 2 1
20 22 8
3 7 29
13 17 37
7 10 52
12 15 9
22 1 1
19 23 30
0 2 36
0 2 39
8 10 17
15 18 27
16 18 12
5 8 22
0 3 55
18 20 9
2 4 13
7 10 34
10 13 32
11 13 31
15 18 49
11 15 62
16 18 40
20 22 59
22 1 11
6 8 62
0 2 34
13 15 17
6 8 42
13 15 28
6 8 31
0 1 4
19 0 37
8 13 1
7 9 27
8 12 14
6 9 60
1 4 30
18 20 45
18 20 13
9 10 37
23 2 48
18 21 63
19 20 14
8 10 11
23 2 41
21 1 45
2 5 17
2 5 35
4 7 46
9 12 42
20 23 46
18 20 36
21 0 20
0 4 57
18 22 58
15 19 59
3 5 47
10 12 37
21 1 23
13 17 27
3 5 36
4 8 44
21 23 19
5 10 32
3 5 37
2 6 53
8 12 3
15 17 2
0 3 18
2 6 6
21 23 44
8 10 34
3 6 51
18 20 42
10 12 21
6 10 56
13 16 44
1 4 43
3 5 9
12 15 47
15 17 53
10 13 33
1 5 35
19 21 22
10 12 18
20 1 4
6 8 53
19 0 7
5 8 8
14 17 7
23 2 33
18 21 7
16 18 34
20 23 46
16 18 40
6 10 37
8 11 13
15 19 59
11 15 54
14 17 28
14 17 31
0 5 37
5 8 1
23 1 48
3 7 34
4 8 54
4 7 31
5 7 57
16 19 49
6 11 39
4 7 10
6 8 45
12 15 32
21 0 39
22 1 56
22 1 50
0 3 26
21 0 8
5 9 27
15 18 55
14 18 5
7 10 12
12 15 47
10 14 59
13 17 56
23 3 14
8 13 38
5 9 16
9 12 37
16 20 39
22 0 32
0 2 24
7 12 64
13 17 5
4 6 57
0 3 45
5 7 12
21 0 1
17 21 36
2 4 46
15 18 58
14 18 44
18 19 61
8 12 5
14 18 42
7 10 52
18 21 54
19 22 39
19 23 55
10 13 54
5 8 50
4 7 6
19 22 5
16 18 34
16 19 59
10 12 35
19 23 15
5 8 3
3 8 11
1 2 53
4 7 61
4 9 28
4 8 42
5 8 33
8 10 4
5 7 62
8 12 39
11 12 58
16 16 24
3 6 15
1 5 35
19 21 21
16 17 34
6 9 30
22 2 3
5 9 35
19 20 2
15 18 58
2 3 31
1 5 27
15 17 47
17 21 8
6 9 33
2 7 61
1 5 6
21 0 2
10 13 61
10 12 52
18 21 23
19 22 46
20 1 4
17 23 44
6 11 6
3 5 14
9 11 62
22 1 25
12 13 43
23 4 45
14 17 40
17 19 40
3 5 48
5 6 5
10 13 15
18 20 51
19 21 58
8 10 42
21 0 52
17 20 46
10 12 12
19 21 9
6 9 14
0 1 19
2 6 61
2 4 27
4 6 22
8 12 19
1 3 9
22 2 14
21 2 20
21 23 6
5 8 34
22 0 27
20 0 16
22 0 53
0 4 51
2 8 2
17 21 27
15 17 62
4 8 42
6 8 2
18 22 40
13 17 59
8 11 38
6 8 46
18 23 62
13 13 4
7 11 14
15 18 64
9 12 22
11 15 61
3 5 11
8 10 61
20 23 50
2 5 50
19 21 2
20 23 27
20 0 49
17 19 44
0 3 54
15 18 60
20 22 26
2 6 61
14 18 7
13 17 59
22 0 59
5 7 25
3 6 43
10 13 28
5 7 17
16 18 19
15 19 56
15 16 19
13 15 5
4 7 55
12 14 24
23 3 27
17 21 22
10 13 50
8 11 54
1 6 43
21 1 56
3 5 62
22 3 37
20 23 43
21 1 53
17 19 30
7 10 31
20 21 8
20 0 21
1 3 58
18 21 39
18 21 27
8 11 33
8 11 40
2 7 9
11 15 57
20 0 59
18 22 62
23 1 48
21 0 58
16 18 19
17 20 26
15 17 38
1 2 2
15 18 43
10 12 27
0 1 12
10 11 26
8 10 24
8 9 29
4 6 35
2 4 4
3 6 11
12 15 50
8 9 18
20 23 4
3 6 14
7 10 34
6 9 36
22 3 41
18 22 21
12 13 34
2 4 52
23 1 12
20 23 56
19 21 36
17 19 23
1 4 21
6 10 6
10 12 35
18 19 63
13 18 45
7 11 49
17 20 19
13 14 10
15 17 41
14 17 54
0 2 41
17 20 44
21 1 49
7 10 3
2 4 57
14 16 36
21 0 3
19 21 31
2 6 61
2 5 37
4 8 5
8 11 22
3 6 18
19 22 9
8 12 54
7 10 15
7 11 34
23 3 33
17 20 52
19 23 26
18 20 57
0 3 20
1 4 26
7 10 50
19 21 29
12 15 32
1 4 27
20 23 39
7 11 47
1 3 54
23 2 7
2 6 64
11 14 55
17 21 42
23 2 26
3 5 53
1 3 52
23 2 37
6 9 33
4 6 33
7 10 37
0 4 21
6 10 39
17 21 54
19 22 47
23 1 51
10 13 28
12 14 4
18 22 40
13 16 26
16 18 7
17 21 14
17 20 21
12 15 53
7 12 14
6 8 27
3 6 39
16 18 14
12 16 64
4 8 26
20 22 51
15 20 3
22 2 49
5 7 18
2 4 32
10 14 21
16 18 63
19 22 29
22 1 1
3 4 49
23 1 3
8 11 11
23 2 44
11 14 32
13 16 31
10 12 9
15 18 56
7 9 32
20 22 12
2 5 19
19 23 19
5 8 30
4 8 45
5 6 10
10 14 53
19 23 9
18 21 60
5 8 5
11 12 61
14 17 37
3 7 29
23 3 56
5 8 7
19 21 3
19 21 12
14 16 15
1 3 34
21 23 4
23 0 53
0 4 14
9 12 59
0 3 27
18 22 22
13 16 45
2 4 19
15 19 51
13 17 33
8 11 35
2 6 6
12 15 30
10 12 55
4 7 5
17 22 4
23 2 52
0 5 54
15 17 15
9 13 47
17 21 33
19 23 17
17 20 30
1 3 2
13 15 23
15 18 37
6 8 57
1 4 11
22 3 7
15 18 28
12 14 11
4 6 39
17 21 52
9 12 16
17 20 51
9 13 9
22 1 56
11 14 22
16 17 10
6 9 32
17 22 39
1 4 12
15 20 51
7 9 20
4 7 46
23 2 17
13 13 25
5 9 59
1 5 19
11 14 9
2 6 13
21 1 9
18 21 37
12 15 60
4 7 63
11 15 52
15 17 60
8 11 6
20 0 34
6 8 42
3 6 54
13 15 26
16 19 34
6 9 54
6 11 3
11 13 6
22 1 39
5 7 16
1 2 39
10 12 27
12 15 38
17 21 53
1 5 10
5 10 38
5 8 12
9 11 23
1 3 19
20 22 6
3 6 43
21 1 24
6 9 35
1 4 33
1 4 53
13 15 11
12 16 7
10 14 47
8 10 25
7 9 15
4 7 61
20 0 6
7 10 39
21 0 34
1 5 50
12 15 32
7 11 36
10 14 41
4 8 43
23 2 19
0 3 30
11 12 46
20 22 8
14 16 14
15 17 16
8 12 10
13 16 12
7 10 15
8 10 13
14 16 48
9 12 64
20 22 24
8 11 6
18 0 42
0 2 29
3 7 43
5 6 29
7 9 49
21 0 61
11 16 17
20 0 2
0 4 57
18 21 45
10 14 32
21 0 34
11 15 64
17 21 41
6 10 53
22 2 29
3 7 49
0 2 53
7 11 54
21 23 31
10 12 22
15 16 20
21 23 53
16 19 50
8 12 58
21 23 45
4 8 19
11 14 40
7 10 52
5 9 62
23 1 13
14 16 25
20 0 46
22 2 14
22 1 31
20 23 34
19 22 4
4 7 18
16 19 27
4 7 21
5 8 27
16 18 50
8 12 5
16 20 9
22 1 60
8 10 5
21 1 22
18 21 56
10 13 46
23 2 32
1 4 7
16 20 32
19 21 7
22 1 26
22 1 13
21 22 45
23 3 40
14 17 14
8 11 13
13 15 59
1 5 20
11 14 29
22 0 58
7 11 47
14 18 4
19 21 25
8 12 17
17 20 36
10 13 62
23 3 31
14 19 8
20 23 42
5 8 29
15 17 38
21 0 17
1 4 38
2 3 57
23 2 4
3 5 51
12 14 2
17 22 41
8 10 52
11 15 23
13 16 44
20 21 64
19 23 62
2 6 62
21 23 27
21 23 51
9 13 14
12 13 57
5 7 28
5 9 45
20 21 2
11 14 48
18 21 24
8 11 16
11 15 45
17 21 2
23 3 55
3 7 5
7 10 31
23 1 24
3 6 22
23 2 33
21 3 43
16 19 56
4 6 7
13 15 36
6 9 48
5 7 23
17 19 34
14 17 41
16 21 7
9 11 43
12 14 45
19 21 23
20 0 28
12 15 4
12 14 1
19 23 49
10 11 15
16 18 41
8 12 32
9 14 19
5 8 57
12 14 8
15 19 25
23 2 5
10 13 11
9 12 3
8 10 46
8 11 15
10 11 53
14 17 18
21 0 31
13 17 19
0 3 39
2 4 28
15 18 20
1 6 23
20 23 21
1 3 41
2 6 13
20 21 35
13 14 22
21 23 15
14 15 64
4 6 26
4 6 24
8 11 3
10 13 26
0 1 50
19 21 49
1 4 64
22 2 7
20 22 34
19 22 52
21 0 27
4 6 43
0 2 40
23 0 5
18 21 61
17 21 24
1 4 3
10 11 61
6 9 24
20 1 1
11 14 39
22 1 8
0 3 36
8 11 42
8 10 46
16 21 40
3 8 32
11 14 5
17 21 55
1 6 13
16 20 60
4 8 48
18 22 21
7 8 17
12 15 60
6 8 56
16 19 48
12 15 30
11 14 44
7 10 22
2 5 44
23 2 5
4 7 7
3 5 20
6 8 17
20 23 45
20 23 64
12 15 25
12 18 49
20 23 34
19 21 3
5 7 9
7 10 60
0 4 57
15 17 37
0 2 30
16 19 43
16 18 40
5 7 18
5 8 50
14 17 21
20 0 19
4 8 51
10 13 3
22 0 34
9 12 57
0 4 25
14 16 16
22 0 42
3 6 53
23 3 3
23 2 43
22 0 53
18 20 44
8 12 49
17 21 15
15 17 58
15 18 55
8 10 62
18 23 60
21 1 18
16 18 28
11 14 35
18 20 62
17 21 46
10 13 27
8 10 22
21 22 3
15 18 9
21 1 44
14 17 39
17 19 46
18 22 52
10 12 9
12 16 22
16 19 29
10 12 52
4 5 24
2 4 52
0 3 31
21 0 37
14 17 20
15 19 53
14 16 52
20 22 59
4 7 4
6 9 17
3 5 47
3 6 9
23 2 12
7 9 36
21 0 13
3 7 46
23 1 57
0 4 59
20 23 56
3 4 9
21 1 27
21 22 52
4 7 15
21 1 26
18 19 22
4 7 53
5 7 3
13 15 1
22 2 49
1 4 58
21 0 8
1 5 27
5 9 54
1 5 45
3 6 53
3 3 4
4 7 29
0 4 58
1 3 1
23 1 20
18 21 21
2 5 13
7 9 24
15 17 17
12 17 60
12 15 17
8 10 49
4 7 56
15 18 16
15 20 18
22 0 20
8 12 55
1 4 52
3 5 50
22 2 34
22 1 63
20 0 20
7 11 36
11 14 10
10 12 17
13 17 47
17 23 24
12 15 1
17 20 33
22 2 59
16 20 64
15 16 17
3 7 57
17 19 17
18 21 6
18 23 62
21 0 2
7 11 19
12 14 29
20 23 12
7 10 49
13 17 20
22 23 60
10 14 11
7 10 5
0 3 63
5 8 46
22 2 64
15 18 48
15 17 14
4 8 44
20 22 6
19 0 35
23 2 52
12 15 60
7 10 56
7 10 8
1 3 59
5 8 54
15 17 47
19 22 16
19 20 39
17 19 19
21 0 32
23 2 22
17 18 58
20 23 64
10 13 33
19 23 16
1 4 45
20 22 44
8 13 50
2 4 61
9 11 37
15 19 46
22 0 23
1 4 56
8 13 29
14 17 18
11 15 13
21 1 32
1 3 22
13 17 12
3 5 53
6 9 38
2 5 61
20 22 12
20 22 21
21 22 60
7 11 49
23 3 56
23 2 59
21 0 45
8 11 22
7 11 38
6 10 14
10 13 60
19 22 51
21 0 41
20 1 36
13 15 50
0 3 36
4 5 60
21 2 15
7 13 4
3 8 10
20 23 46
10 13 4
15 17 37
0 5 5
13 15 5
18 22 16
18 22 24
9 11 15
10 13 25
21 0 62
10 12 14
0 3 1
3 6 59
1 5 4
12 15 31
0 3 11
23 3 38
22 1 55
12 16 1
4 8 15
14 16 17
20 0 27
23 2 50
20 0 62
20 23 27
9 12 1
17 21 3
19 21 15
5 7 56
21 0 37
9 12 54
23 3 38
8 12 48
11 11 41
23 0 54
1 5 18
5 7 29
14 16 23
7 8 51
15 18 21
0 3 18
19 23 17
2 4 43
1 2 51
20 0 21
10 13 21
0 3 13
9 13 64
18 21 48
8 11 42
21 0 23
5 7 38
7 11 11
21 0 37
13 15 48
15 18 1
14 17 48
20 23 15
5 7 21
18 19 41
6 8 10
21 23 54
10 11 49
16 18 25
1 6 40
2 5 49
6 10 35
19 22 5
23 3 35
19 23 58
2 7 47
23 2 13
9 11 56
23 3 62
8 11 17
11 14 17
22 1 64
12 15 42
15 18 36
11 13 32
20 22 18
9 11 50
16 19 2
5 8 37
15 20 53
5 9 47
19 23 54
20 0 34
2 4 38
9 12 22
8 12 5
2 5 51
4 6 51
2 4 50
17 20 61
19 23 57
2 6 40
19 23 13
5 9 55
11 15 29
21 1 47
22 1 51
12 14 32
11 13 13
1 4 31
2 5 50
12 14 11
15 19 51
10 11 20
12 15 31
18 23 60
16 20 22
4 6 33
23 3 31
9 12 57
15 17 32
11 14 39
21 0 25
5 8 34
21 22 4
20 22 24
16 19 44
19 22 63
2 4 32
16 18 46
8 9 36
11 13 11
10 14 59
4 6 63
0 4 64
18 21 35
4 7 23
18 21 46
15 18 64
13 18 27
7 10 53
12 16 35
14 17 14
19 21 39
19 23 31
17 19 49
7 10 50
10 14 60
20 0 35
17 20 33
19 23 55
5 6 2
16 19 7
23 2 29
6 10 28
3 6 51
7 10 39
20 23 5
5 8 37
18 22 55
3 6 54
17 20 62
11 14 60
22 1 6
1 4 4
15 18 3
23 2 56
16 19 34
1 4 44
2 7 10
0 3 38
13 16 32
17 22 37
22 1 33
1 3 27
3 6 51
22 0 6
7 10 42
20 23 29
9 11 31
18 20 34
20 23 3
6 10 30
5 10 14
10 14 39
11 14 39
9 13 31
0 2 60
22 2 64
7 11 39
16 18 12
11 13 46
21 1 53
10 13 54
7 10 55
22 2 17
18 22 60
3 6 60
5 7 31
19 23 19
6 8 61
4 5 39
7 10 6
22 1 5
4 7 19
16 20 38
18 20 4
21 1 34
23 2 36
3 5 7
18 21 51
3 7 6
11 15 27
22 23 27
13 17 42
2 5 6
11 15 62
8 10 1
23 0 47
13 18 19
2 4 48
0 3 35
4 6 28
8 10 31
5 6 1
22 2 8
15 17 32
17 21 33
9 11 52
2 4 40
16 18 9
9 11 50
6 7 14
3 4 39
21 0 43
2 5 46
4 8 9
11 15 30
4 7 4
1 4 34
22 1 46
5 9 25
13 16 64
0 4 8
16 20 46
5 8 43
8 12 5
22 1 59
22 1 20
8 11 26
18 21 49
13 16 26
6 9 2
3 6 11
20 23 49
5 8 46
11 13 48
11 14 64
23 1 57
14 17 64
5 9 11
8 11 9
16 20 10
22 0 36
2 5 34
4 8 51
11 15 36
20 23 62
12 16 63
17 20 27
4 8 39
14 16 7
17 20 4
0 3 39
15 18 37
11 15 25
9 11 3
22 1 60
11 16 53
23 3 61
16 19 49
2 4 43
1 4 17
12 16 42
15 19 10
22 2 7
7 10 48
7 9 36
13 16 27
8 10 50
22 1 37
4 6 3
20 22 24
12 13 28
15 20 5
4 8 58
12 13 26
9 12 47
7 9 37
9 12 33
11 14 13
3 5 1
16 21 61
20 0 41
22 0 46
22 2 8
2 7 11
12 16 24
2 5 35
10 11 37
11 14 2
11 14 54
0 4 37
21 23 52
9 11 37
7 9 26
22 3 47
14 17 54
1 3 64
2 5 62
4 7 4
21 0 31
20 22 44
9 11 36
18 19 6
14 18 47
9 12 31
13 16 2
15 19 50
7 11 40
0 3 20
3 7 49
12 14 4
14 17 8
10 12 59
8 13 23
11 14 22
23 1 31
9 13 54
8 11 61
0 4 54
15 19 59
16 20 5
21 0 1
4 7 6
11 15 18
8 11 30
5 7 28
3 5 16
18 23 31
3 5 1
2 4 38
6 8 31
20 0 61
12 14 44
3 7 29
17 21 34
12 16 16
19 20 24
5 8 30
19 21 16
3 6 20
21 0 33
14 16 49
12 16 26
23 3 36
17 20 52
22 1 21
8 11 60
4 8 1
1 4 52
23 1 33
14 17 13
9 13 63
16 19 51
7 11 64
23 0 60
5 8 11
1 5 54
9 11 52
0 1 25
23 3 10
16 19 12
5 8 57
18 21 59
9 12 2
1 6 29
13 17 19
5 8 47
14 17 18
18 20 35
16 18 3
4 6 51
17 22 51
14 19 53
14 18 23
6 10 46
7 9 48
18 21 2
1 5 12
10 15 17
13 17 18
22 1 29
7 9 23
17 20 44
8 11 10
19 23 36
6 8 21
8 9 39
20 22 6
6 10 29
21 0 46
6 9 25
10 13 48
7 12 58
11 13 56
16 19 27
19 22 29
20 23 56
21 0 18
3 4 42
15 19 39
23 2 17
10 13 50
16 20 43
18 21 51
10 13 6
4 7 22
2 5 24
17 22 17
2 5 48
16 20 47
5 8 24
3 7 27
7 9 36
19 22 5
19 21 22
11 15 46
18 22 24
8 10 58
14 15 25
11 13 3
16 18 29
9 10 12
18 19 4
4 6 29
21 21 43
16 18 50
5 8 20
19 22 30
17 20 29
7 9 8
12 15 22
10 12 2
19 21 52
15 16 29
10 15 2
9 13 26
18 23 47
13 17 35
9 11 56
2 5 30
18 21 58
18 20 33
19 22 48
13 15 39
17 22 33
7 10 43
0 3 34
18 23 45
23 4 51
6 9 57
17 19 29
5 8 9
6 8 52
10 14 64
23 1 24
5 7 56
18 22 57
9 13 51
4 8 49
4 9 51
0 3 61
4 5 8
8 11 57
1 3 57
5 7 1
21 1 10
22 2 13
4 7 5
13 15 8
7 10 58
16 19 5
13 18 53
1 3 16
8 12 39
16 19 16
18 22 51
7 10 23
16 19 30
19 23 26
19 22 27
22 0 27
14 17 38
6 10 31
2 6 38
23 4 35
5 9 55
11 14 52
22 2 59
15 18 53
23 2 44
2 6 50
1 3 50
14 17 45
19 21 25
23 2 10
9 12 24
7 11 13
12 14 50
14 16 43
11 14 36
21 2 23
21 23 49
13 17 1
5 7 9
2 5 1
9 13 2
17 19 27
7 10 20
14 18 11
6 9 1
18 21 33
14 17 18
20 21 14
8 12 48
19 22 13
0 2 18
19 21 57
14 16 28
20 23 25
19 22 62
19 22 42
21 1 27
23 3 62
19 21 43
15 18 32
18 19 39
3 9 52
1 4 21
6 11 49
23 3 45
14 17 47
21 0 24
2 4 26
23 3 1
7 10 54
1 4 58
13 17 11
14 17 48
22 1 37
5 6 46
16 20 37
10 13 8
17 20 21
11 14 26
5 8 27
2 5 42
9 12 49
14 18 42
2 6 5
16 19 35
10 13 59
19 23 8
5 8 29
5 8 45
15 16 57
11 16 33
16 19 50
6 9 32
16 19 21
6 11 8
12 15 25
19 21 7
13 16 55
6 9 31
15 17 52
21 23 1
1 3 10
21 23 57
0 5 44
10 11 10
6 9 7
19 23 61
12 16 22
1 3 8
22 23 44
23 2 63
11 13 32
0 6 42
18 22 11
21 23 31
2 5 19
18 22 2
1 2 31
20 0 35
17 20 26
14 17 14
2 5 8
11 13 5
13 18 5
13 16 12
5 7 55
13 15 54
21 0 18
1 5 2
1 4 28
16 17 24
11 14 30
21 0 25
19 21 4
12 15 1
4 6 33
17 20 22
22 0 51
1 5 20
3 5 32
18 21 5
17 20 59
6 8 24
14 15 10
8 11 46
3 8 48
2 4 56
11 14 23
17 20 26
6 7 55
3 6 27
7 12 57
18 21 58
23 2 10
13 15 17
14 16 20
21 0 45
5 9 52
22 2 37
3 7 54
2 5 55
19 22 52
21 1 62
23 1 64
18 21 25
4 7 45
4 5 4
18 21 48
9 13 8
12 15 8
16 21 56
2 5 25
7 9 37
11 12 49
10 10 40
15 18 13
20 23 20
19 22 20
20 22 2
6 10 2
0 4 32
9 11 49
14 16 35
1 5 27
20 0 17
15 17 14
13 14 28
18 19 53
3 7 39
22 1 37
15 19 59
23 1 1
23 0 8
12 13 41
15 16 56
17 20 34
12 15 35
21 23 12
7 11 20
20 22 64
8 12 9
20 23 26
1 5 27
7 9 50
7 11 28
10 13 13
11 14 23
6 9 23
15 19 11
23 3 41
12 15 60
4 6 21
11 14 2
20 0 8
21 0 27
2 3 16
21 1 30
13 15 57
6 9 47
4 7 63
15 20 1
22 1 54
18 21 52
19 21 63
16 19 5
6 11 23
22 3 18
21 1 8
13 17 47
13 16 46
13 15 20
0 3 46
17 19 10
19 22 59
3 5 16
23 2 29
20 0 54
3 7 35
15 20 30
23 3 28
11 15 18
15 18 38
0 3 50
6 9 11
15 18 18
6 9 2
15 16 34
4 7 35
11 13 55
22 0 16
16 18 32
19 22 1
19 23 34
23 2 46
8 11 60
6 10 21
2 6 48
14 18 2
22 1 29
13 19 28
16 18 7
15 18 10
19 22 5
15 17 12
0 2 44
0 1 33
6 8 38
20 22 9
22 0 20
16 19 62
18 19 28
21 0 49
18 22 49
4 6 16
20 23 61
15 18 18
14 17 22
19 22 15
13 15 24
0 2 29
19 19 36
20 22 15
6 10 3
14 18 1
16 20 58
20 0 63
23 1 62
5 11 14
18 21 48
9 12 52
6 6 17
4 7 31
22 0 11
7 10 1
13 18 58
9 12 52
22 0 2
23 3 1
14 17 11
1 4 49
8 11 38
4 6 54
1 3 61
13 16 32
13 16 2
7 9 61
15 18 21
6 8 13
6 9 50
3 7 41
3 6 28
23 2 3
11 15 38
4 7 5
1 4 56
20 0 1
5 8 4
11 13 13
21 2 60
6 9 14
1 2 25
9 13 21
13 17 17
0 3 34
8 9 52
20 21 5
8 9 43
9 12 56
20 0 4
22 0 40
4 7 30
6 9 61
1 6 32
20 23 43
12 16 49
3 6 1
21 0 6
14 14 23
2 6 43
17 19 12
2 5 58
21 0 14
14 18 1
10 14 26
23 2 48
23 2 12
22 0 29
17 19 5
10 14 59
11 16 60
23 1 25
11 14 36
11 15 62
16 19 16
6 11 4
9 14 33
23 2 25
0 5 14
13 16 52
13 17 34
13 17 17
9 12 58
0 5 19
13 16 19
22 1 49
16 19 39
12 15 32
10 14 4
0 3 27
16 19 2
6 9 22
9 13 18
5 8 39
4 7 18
16 18 58
8 11 20
6 9 23
15 17 57
9 13 1
1 4 59
13 15 15
23 1 53
4 8 64
11 16 23
12 17 55
23 2 53
23 2 8
8 12 63
2 5 36
4 7 45
18 22 3
15 19 33
21 0 33
16 19 41
12 13 7
0 3 1
1 4 49
0 2 29
16 19 17
12 14 11
7 9 2
8 13 35
3 7 23
20 22 26
17 21 52
21 0 45
20 22 59
7 9 40
12 17 54
9 13 51
4 7 39
21 1 3
7 9 6
8 12 2
14 17 29
9 11 7
1 6 13
5 8 42
17 20 20
6 8 19
0 4 26
9 12 9
23 1 51
4 7 49
0 3 23
20 23 64
11 14 21
1 4 58
8 12 60
17 20 12
3 6 62
22 3 43
4 7 42
5 8 13
9 12 33
8 10 58
20 22 42
20 23 2
14 16 58
13 15 31
5 8 11
10 14 16
21 22 43
4 7 34
4 6 21
9 11 58
1 4 42
16 19 12
9 10 41
23 2 60
7 9 36
8 11 14
20 23 31
10 13 27
8 11 19
20 23 39
11 16 34
6 7 51
21 2 57
9 12 13
6 11 60
11 16 20
16 20 61
5 9 63
6 11 14
12 16 61
11 15 58
23 2 46
16 19 18
12 15 51
14 17 10
4 6 44
17 20 61
4 7 21
7 10 26
11 13 42
16 20 2
7 8 44
23 3 42
0 3 32
4 6 45
17 21 11
12 13 4
22 1 21
4 6 64
15 17 20
3 5 32
18 21 2
11 16 18
3 6 2
12 14 5
8 13 8
15 18 15
21 0 21
3 7 64
1 4 14
18 22 10
15 19 30
16 20 59
19 22 49
1 4 29
17 21 2
11 14 5
18 20 45
14 17 23
12 15 46
22 2 53
7 10 26
0 4 39
14 17 55
20 23 25
2 3 41
7 10 37
12 14 11
23 1 5
11 15 46
20 23 52
20 23 35
15 18 44
7 10 26
10 12 28
19 23 54
14 18 31
21 0 28
7 9 62
3 7 54
6 8 6
14 17 31
18 21 12
17 21 57
10 13 39
17 19 32
21 0 37
1 3 23
14 19 19
13 17 25
1 2 13
8 12 44
1 5 18
21 0 19
11 14 11
0 1 33
10 14 7
2 3 2
21 0 53
1 3 34
2 6 7
16 18 27
8 13 36
1 3 19
7 10 4
13 17 60
20 22 42
13 16 13
8 9 18
20 23 13
16 19 11
14 17 27
16 17 50
16 19 37
16 19 4
2 4 33
17 18 39
15 19 17
21 0 37
13 17 37
7 9 57
21 0 42
18 21 45
20 0 51
13 16 12
16 18 19
21 0 41
11 13 61
12 15 24
8 10 53
14 16 9
11 14 9
3 8 15
12 15 55
14 17 19
4 7 61
21 23 1
4 6 30
17 19 44
23 3 60
4 6 63
21 0 47
12 15 49
18 19 11
17 19 2
23 4 20
3 7 56
18 21 1
0 2 30
17 21 64
14 16 58
20 0 19
12 16 28
16 19 46
16 19 38
6 12 39
7 9 1
15 16 29
18 21 23
14 18 60
14 16 49
16 19 58
12 15 5
2 6 63
14 16 53
17 20 58
5 9 47
23 2 27
1 4 36
20 23 53
6 9 4
15 16 36
5 9 6
21 0 3
9 12 64
11 14 25
14 17 29
3 6 1
22 4 14
16 19 34
19 22 21
0 3 46
22 2 5
10 12 35
19 23 18
16 17 12
17 21 36
16 18 16
5 6 24
10 14 12
12 14 61
10 14 35
10 13 22
14 16 10
13 15 36
15 18 50
15 16 37
11 14 37
6 9 9
14 20 51
2 6 30
12 15 36
7 11 29
11 15 56
5 8 53
4 9 56
1 4 2
9 13 57
6 8 15
7 11 13
17 20 15
6 9 34
9 13 3
9 12 56
2 6 3
20 2 6
1 3 41
4 8 52
16 18 20
4 7 60
7 13 18
6 10 10
2 6 39
4 7 63
5 8 8
3 6 19
14 18 57
2 5 63
9 12 64
10 14 39
5 8 22
23 2 64
22 1 18
7 10 32
12 15 63
17 20 64
20 23 47
6 8 35
10 11 63
14 16 2
0 5 32
6 8 31
21 0 9
11 13 57
12 16 44
5 7 40
9 11 28
7 10 25
18 19 3
4 9 44
18 21 13
12 13 36
23 1 15
21 1 17
1 4 49
18 22 11
17 21 34
16 19 13
3 7 11
22 1 6
23 3 60
5 8 3
12 16 37
0 4 35
20 23 2
6 9 48
4 7 24
22 1 20
14 17 27
10 13 54
5 7 11
13 16 57
5 8 12
15 18 1
16 18 33
21 0 14
11 14 54
22 2 53
11 13 39
14 18 16
21 1 13
5 9 30
16 19 51
5 8 18
2 6 63
23 2 41
20 22 1
18 20 50
4 7 7
16 19 15
6 7 64
17 20 36
8 10 62
17 20 1
8 11 41
14 17 38
11 15 10
12 14 50
7 10 18
19 21 12
4 8 4
13 15 15
20 23 38
21 0 22
20 20 27
15 20 61
9 11 57
8 9 60
1 6 4
7 9 25
21 23 49
2 4 62
14 16 40
3 7 43
14 17 51
12 16 62
5 7 62
1 6 21
14 17 28
6 8 63
19 23 45
11 13 54
5 8 9
16 18 10
5 9 56
21 0 60
20 22 5
17 20 34
3 7 51
4 8 55
13 17 51
12 17 4
19 20 64
14 17 52
18 21 6
2 5 48
3 4 30
15 17 56
5 8 54
1 3 33
14 17 40
7 9 64
15 18 57
2 8 60
23 2 36
9 10 34
15 18 56
19 23 29
20 23 22
22 1 11
5 8 13
14 16 48
1 2 55
15 19 10
7 10 4
8 11 40
21 0 64
2 5 5
3 6 42
2 4 53
4 9 5
11 15 13
2 3 30
21 1 56
6 10 10
12 17 52
17 21 12
4 9 16
2 5 33
18 21 14
15 17 11
18 21 2
14 17 58
18 22 34
7 9 16
12 15 10
12 15 11
18 21 14
11 13 43
3 5 45
16 18 16
22 0 51
0 3 40
0 1 19
18 21 23
23 1 29
18 20 34
6 9 55
12 15 11
22 1 13
5 10 8
23 3 21
16 20 12
13 15 57
11 15 34
16 21 27
17 20 1
18 20 59
14 18 50
22 1 42
9 11 55
11 15 62
11 14 9
7 8 2
9 11 12
11 13 3
5 8 54
12 15 55
8 10 47
9 11 8
16 18 5
14 16 45
3 4 14
6 9 13
17 21 46
15 18 10
11 14 57
7 9 22
10 13 4
0 3 34
7 10 11
12 15 57
2 6 52
16 17 50
10 13 52
16 19 6
22 0 32
0 2 14
19 22 7
21 1 44
23 3 50
17 20 12
16 19 7
12 14 34
1 2 54
6 10 48
6 10 2
16 19 8
0 2 1
15 18 64
12 16 63
19 22 59
13 18 63
12 15 12
5 9 46
20 23 18
23 0 63
20 23 61
14 19 47
1 3 61
10 13 63
0 3 49
20 23 29
9 13 12
17 20 43
9 13 37
22 23 27
6 9 40
8 11 56
18 21 61
12 14 46
13 17 7
0 4 6
16 19 21
13 17 51
9 12 58
16 20 7
2 6 42
5 7 2
6 8 50
21 0 41
15 18 32
13 17 33
23 23 55
15 18 31
17 19 53
2 5 42
7 10 51
6 9 16
5 7 30
14 16 2
5 8 20
15 18 43
16 19 15
1 3 57
2 4 19
3 6 5
2 4 4
19 21 49
22 2 40
23 2 28
13 16 20
7 9 8
13 15 17
11 15 30
10 14 15
2 7 12
5 7 12
4 8 51
23 1 12
10 13 35
11 15 63
1 4 27
3 5 27
10 12 21
7 10 17
2 5 64
4 6 42
6 10 27
8 10 22
14 17 39
14 18 31
1 4 10
23 2 63
4 8 52
0 4 16
3 6 55
13 17 17
4 8 47
15 17 27
17 20 22
18 21 14
13 15 64
4 9 36
20 21 62
17 19 4
18 18 13
22 2 16
0 2 42
2 5 25
16 18 43
14 15 17
2 4 17
21 1 16
21 23 59
4 7 20
16 18 26
4 7 60
14 17 64
9 12 5
13 18 56
4 7 21
11 13 30
16 19 34
14 16 29
15 18 47
22 1 18
4 7 64
13 17 29
18 22 57
13 16 22
9 11 41
7 8 45
5 8 8
7 8 10
10 14 42
15 17 44
18 21 12
23 4 50
15 18 36
18 21 38
13 16 11
10 14 37
12 15 46
14 18 2
12 15 41
5 8 11
22 1 63
17 20 22
18 21 5
6 8 16
9 11 26
12 14 60
11 15 43
15 18 62
2 6 31
12 16 30
2 7 57
15 17 33
11 13 42
11 14 63
17 20 55
8 11 64
13 16 60
21 1 17
2 5 61
17 20 29
14 17 3
12 15 13
1 5 20
10 13 30
7 9 5
4 8 36
21 0 39
18 20 38
7 10 4
13 14 39
8 12 22
13 16 40
5 7 33
10 14 58
9 12 15
7 10 26
22 0 35
16 21 48
6 7 58
13 16 64
21 23 64
4 7 41
20 1 47
18 20 23
10 14 32
12 15 40
18 22 26
21 23 49
14 17 12
7 10 52
5 8 48
6 10 12
14 15 1
18 22 16
11 15 14
2 6 28
12 15 49
13 15 10
8 11 28
15 19 21
23 3 10
12 16 37
4 8 57
10 14 6
9 11 53
23 4 47
16 21 62
19 23 28
7 9 24
4 7 3
20 23 40
8 10 47
2 3 38
14 16 26
19 22 13
13 17 56
18 21 33
18 20 63
11 14 19
2 6 43
5 8 64
16 18 51
3 6 43
2 5 46
9 12 57
6 10 34
9 11 22
6 10 10
22 2 56
9 11 50
23 2 1
16 19 29
6 8 10
13 17 48
14 16 39
17 19 50
12 13 50
21 0 9
17 20 59
12 16 56
7 9 44
5 7 44
3 6 8
14 18 51
16 20 23
8 10 63
18 20 52
6 11 52
0 3 2
17 19 48
12 15 32
7 11 6
23 1 41
18 21 48
14 17 7
1 4 1
16 17 63
17 21 35
18 20 3
8 11 39
12 14 39
23 1 24
8 11 48
22 2 34
13 17 11
20 22 30
12 14 16
11 13 43
4 6 40
12 16 1
2 4 53
20 22 27
7 10 20
1 5 15
17 20 9
5 7 60
16 20 47
17 20 13
13 17 26
13 14 8
22 0 20
4 9 3
17 22 51
8 11 43
22 1 14
1 4 59
2 6 60
8 12 2
22 0 37
21 23 49
4 6 11
6 9 51
9 10 2
5 10 27
3 6 26
22 3 24
21 1 62
18 21 6
9 14 47
7 10 53
5 7 57
3 6 25
20 22 32
1 4 15
9 11 41
22 23 16
23 2 43
4 7 16
17 19 50
2 5 50
23 2 17
13 18 42
17 20 31
11 14 20
9 9 57
12 14 18
13 15 52
3 5 57
9 13 20
3 6 55
20 0 6
11 14 63
14 17 38
17 21 64
19 0 17
0 4 10
3 5 62
15 18 51
6 10 28
12 13 7
6 9 60
10 14 23
20 22 51
2 4 4
1 3 54
20 0 9
15 17 6
8 12 46
19 22 6
0 2 9
4 7 19
4 6 16
1 4 17
12 15 59
23 2 52
13 18 5
22 0 31
10 13 59
1 5 52
12 17 49
17 20 56
13 16 24
10 11 41
8 12 15
9 12 34
22 1 40
21 1 20
14 17 17
13 16 43
16 21 11
8 13 36
13 16 64
2 5 6
0 5 43
21 3 26
10 14 47
1 4 1
10 13 19
10 11 52
14 18 14
9 13 19
15 18 15
15 18 21
4 5 36
0 2 44
9 10 63
2 6 23
2 5 9
17 20 19
15 18 61
1 5 1
6 9 22
10 13 63
1 3 37
18 22 28
20 23 52
21 0 49
11 13 52
17 20 50
12 17 41
9 13 45
16 20 5
22 0 39
18 21 24
18 19 4
6 8 52
15 19 37
18 20 12
9 12 13
12 14 60
3 8 47
13 17 20
15 20 37
14 17 35
11 13 63
10 15 7
22 2 23
10 13 64
2 5 44
19 19 14
19 23 34
7 9 59
2 5 26
14 18 21
23 3 17
15 18 8
23 3 51
16 19 25
5 7 55
21 0 12
0 3 39
16 21 41
4 8 13
10 14 2
3 6 28
15 18 48
12 14 31
21 0 18
6 10 2
17 20 32
18 20 33
11 15 58
7 10 33
4 8 31
21 0 46
10 14 3
6 8 24
18 22 14
4 6 18
12 14 1
22 1 50
17 19 23
3 6 45
1 3 37
7 10 46
12 15 19
20 21 50
15 21 25
18 22 25
13 17 46
3 5 24
4 5 55
17 20 42
7 9 4
18 22 31
7 10 13
18 20 34
22 23 13
14 17 53
4 7 62
19 0 57
7 11 35
7 10 5
1 4 17
11 15 62
4 6 53
16 20 51
10 13 17
14 17 20
18 23 5
16 18 1
4 6 55
14 17 30
12 17 23
5 7 61
1 4 49
11 15 42
11 14 1
3 7 27
0 5 49
1 5 8
18 21 12
4 9 36
18 22 13
8 11 26
17 19 12
5 7 33
22 2 38
23 2 56
1 2 11
22 1 24
10 11 27
6 8 9
19 19 9
4 6 6
19 0 19
5 9 59
19 20 63
12 16 4
22 1 50
8 11 15
20 22 26
4 9 23
10 13 14
0 2 50
17 21 20
18 21 14
2 5 33
17 18 38
14 18 64
8 11 36
17 20 37
13 16 62
2 6 47
19 22 16
14 16 3
9 11 51
13 16 36
7 11 7
0 5 21
18 22 14
13 17 28
11 14 10
22 1 36
9 12 31
4 5 17
23 2 61
8 10 26
17 20 8
1 3 24
19 23 10
12 16 2
19 21 41
4 7 14
13 15 62
15 18 28
8 13 50
16 18 51
4 7 3
22 0 41
7 10 50
22 23 38
5 7 56
0 1 12
4 6 23
6 11 37
14 18 52
19 22 17
10 14 63
15 17 58
0 3 43
15 18 40
14 19 4
13 17 19
2 6 56
3 8 19
12 15 41
18 21 51
15 17 5
23 2 55
21 1 62
9 12 25
0 0 56
11 13 33
9 12 49
19 21 45
9 12 41
21 0 39
22 3 39
19 22 47
13 16 50
19 0 43
3 5 12
4 8 19
6 8 41
15 18 23
9 13 12
6 10 20
8 11 38
7 9 21
19 23 25
17 22 33
18 21 19
22 0 47
23 2 10
23 3 44
18 22 9
6 9 50
9 12 12
7 11 28
4 8 16
21 0 55
4 9 27
0 5 41
17 20 61
23 0 63
20 23 6
3 4 14
15 16 45
18 21 24
11 14 39
3 5 20
22 2 14
13 16 7
19 23 26
10 12 1
2 5 52
19 22 54
2 4 57
2 6 35
6 10 54
17 20 61
8 11 50
11 14 52
18 20 41
17 20 53
7 10 14
23 3 55
19 22 47
20 23 42
2 6 2
17 20 23
6 9 58
6 9 19
10 14 49
20 21 39
15 19 18
9 12 40
5 8 63
22 2 6
4 4 36
10 14 35
17 18 45
1 5 33
2 5 57
0 4 27
4 9 12
17 20 28
7 9 39
1 4 58
18 20 9
15 17 47
21 22 53
19 23 49
9 11 22
0 2 18
21 0 23
8 10 14
0 4 61
12 14 55
13 16 38
21 1 37
1 3 42
20 23 33
19 21 35
5 9 22
15 18 64
21 1 34
21 22 53
14 17 44
9 11 13
23 3 44
21 0 8
11 15 25
2 6 34
0 3 40
15 17 9
22 1 45
13 14 52
0 4 38
4 8 50
14 16 57
18 21 4
17 19 9
19 23 64
17 20 59
11 15 42
16 19 31
14 17 15
19 22 54
20 22 43
6 10 23
17 20 50
2 5 19
12 14 27
18 23 18
19 21 44
12 15 42
19 0 35
8 10 30
7 10 39
19 22 49
12 15 56
20 23 21
22 0 26
19 23 52
1 5 30
0 5 16
13 17 4
18 20 42
6 10 27
5 7 51
11 14 59
22 23 18
11 14 16
10 13 10
8 9 50
15 20 54
17 20 12
4 7 7
6 9 45
23 1 6
23 1 3
13 16 62
12 16 60
18 21 45
11 13 63
22 1 17
5 9 54
22 2 32
14 17 1
3 5 43
11 13 63
22 1 49
5 7 44
23 2 63
9 13 49
6 9 59
16 18 16
20 22 20
4 7 39
6 9 51
4 6 29
20 22 30
2 6 4
13 16 58
5 9 53
0 4 1
12 16 18
6 9 59
20 0 2
22 0 27
12 15 17
13 17 59
15 18 16
20 22 56
21 1 63
18 21 29
17 20 8
9 12 23
23 2 41
0 3 37
22 0 43
6 8 51
3 7 55
1 4 59
18 20 33
13 17 29
3 5 38
4 6 35
0 3 21
23 1 5
5 7 29
7 11 52
0 5 11
7 10 45
15 16 26
22 1 16
22 23 36
4 8 27
23 4 11
7 11 11
20 0 26
3 7 50
6 8 11
3 7 44
12 15 36
19 22 45
14 17 24
5 9 16
11 13 14
14 18 5
10 14 1
2 5 30
8 11 58
1 4 2
22 3 4
22 1 5
0 3 38
8 12 24
11 15 43
11 12 13
23 3 40
17 21 24
15 19 48
13 17 31
22 0 39
7 10 17
20 23 23
1 3 47
17 20 47
2 4 6
9 11 7
3 7 28
0 3 40
8 11 57
13 15 43
23 2 60
8 9 20
3 6 23
16 18 38
11 15 34
2 5 45
6 10 29
20 23 32
13 15 39
17 19 55
15 18 35
15 16 20
12 16 31
7 11 19
8 11 33
7 9 61
22 1 64
21 0 57
0 2 32
16 19 54
14 16 64
13 16 34
18 20 45
7 10 12
11 13 64
10 13 13
21 1 42
20 21 41
4 8 41
4 7 13
18 22 61
12 17 38
10 12 38
22 0 5
2 4 52
18 22 54
21 0 41
12 16 14
20 21 47
8 12 22
3 5 55
10 12 60
22 2 13
16 18 59
11 14 31
14 17 50
15 18 20
13 16 29
20 23 54
0 5 7
9 13 54
10 14 21
15 19 51
20 21 50
21 0 10
17 20 4
16 19 50
16 19 42
7 9 46
22 1 45
3 6 49
10 12 59
11 12 31
11 14 3
19 22 59
7 10 48
3 8 9
20 0 19
8 9 37
16 19 37
23 3 56
8 12 31
0 1 61
1 4 59
2 3 50
15 19 28
0 4 37
2 7 33
8 11 14
21 0 46
23 4 22
7 10 21
21 23 36
2 4 17
2 4 17
17 19 49
8 11 45
9 13 53
11 14 58
11 14 2
5 8 46
21 0 12
7 10 21
12 16 64
0 3 8
17 21 45
19 22 39
18 20 40
2 4 35
12 15 59
16 20 38
22 0 62
7 10 30
12 15 62
13 14 31
3 6 33
3 7 44
20 23 22
14 17 43
21 0 8
22 2 24
14 17 57
4 7 17
13 16 44
7 9 45
20 0 35
4 5 31
9 13 28
4 8 18
21 1 30
12 15 32
11 13 57
4 7 8
2 3 28
13 19 14
7 9 12
10 15 40
14 18 41
1 5 3
8 12 12
5 8 51
22 2 32
15 19 32
18 18 11
13 17 13
12 15 1
3 8 32
21 0 62
21 22 31
5 5 8
6 9 4
12 15 64
7 10 32
2 4 11
1 4 38
2 5 20
1 6 15
21 23 20
18 21 64
3 7 49
20 23 23
3 8 30
0 3 26
8 10 63
6 9 15
22 1 45
6 10 23
0 2 5
11 14 51
12 12 44
14 18 64
5 7 12
22 1 2
10 14 38
21 1 24
15 17 37
11 13 47
16 21 20
22 1 11
23 2 27
11 13 53
10 14 60
15 17 25
20 1 19
17 20 36
2 6 49
2 3 26
3 6 45
6 9 33
3 5 43
11 14 13
13 17 11
18 22 50
2 5 41
7 9 59
17 20 21
1 5 45
13 16 37
15 19 5
10 12 37
11 14 36
4 8 30
19 22 14
23 3 10
0 4 11
14 17 43
15 19 34
23 0 10
10 14 23
22 0 13
3 6 59
21 23 13
4 6 18
17 19 57
6 10 63
22 1 43
9 13 52
6 8 36
18 20 27
20 0 32
16 22 8
3 5 40
20 23 40
9 13 6
21 1 38
4 8 13
18 18 17
2 5 15
5 8 61
8 11 50
4 5 38
18 21 8
1 5 54
3 5 64
7 9 26
10 13 41
21 0 52
14 18 39
16 20 9
11 14 1
9 13 51
3 6 6
22 23 57
12 15 2
9 12 38
16 19 16
10 14 12
9 13 59
3 7 55
19 20 49
8 11 5
1 5 35
0 3 18
15 19 47
20 22 4
20 0 21
20 23 42
3 5 45
15 19 50
5 8 7
1 4 3
3 6 15
15 17 53
17 22 41
5 9 56
8 11 64
16 18 58
16 20 42
18 20 7
7 10 3
9 12 49
11 14 56
15 18 57
20 23 58
12 15 30
17 20 19
22 2 20
15 20 64
23 3 35
12 15 49
2 5 9
11 15 31
12 15 44
15 17 5
14 14 37
20 20 26
16 20 2
19 21 50
0 4 49
17 21 36
19 0 17
10 14 55
0 5 52
21 22 12
15 19 29
15 17 39
13 17 46
20 0 39
0 2 48
11 13 25
20 23 34
8 11 8
19 23 6
6 9 12
4 8 58
20 0 5
11 15 52
12 15 59
19 21 3
9 14 40
5 8 11
3 6 42
1 4 15
2 5 33
6 9 7
3 7 20
13 16 56
21 23 60
7 12 6
11 15 40
13 15 48
12 16 5
0 4 5
13 18 8
6 9 8
13 15 18
12 15 13
5 8 16
11 14 19
16 18 50
13 16 19
17 21 28
4 6 55
15 19 23
17 18 51
9 13 27
3 7 55
2 4 3
8 11 41
16 18 18
13 15 44
8 11 26
19 22 62
15 19 36
4 8 54
13 15 29
21 23 12
19 22 28
5 9 24
7 10 39
14 18 1
0 3 10
18 23 59
15 17 62
5 9 64
22 1 49
12 14 34
1 3 12
17 20 20
5 7 33
19 22 52
20 0 1
8 11 4
16 19 44
11 14 48
2 5 28
20 23 7
2 4 36
16 19 1
7 10 36
18 20 36
3 6 61
6 10 62
23 4 35
3 7 53
16 21 58
18 21 45
2 4 62
9 11 53
15 17 21
1 5 36
9 12 51
4 8 54
22 1 44
22 1 16
23 2 55
10 13 27
1 4 18
10 13 11
2 5 12
21 23 44
2 5 25
3 6 43
16 16 58
19 21 13
10 11 9
7 12 34
12 17 11
20 0 3
4 6 16
19 21 20
17 20 62
14 18 28
10 13 39
22 2 12
20 23 58
13 17 33
23 5 39
1 3 7
11 13 20
11 15 38
4 6 61
20 0 36
12 17 12
15 17 29
19 0 15
13 17 9
6 9 21
19 22 46
17 19 10
9 12 6
15 19 35
20 23 35
10 11 64
2 4 57
2 6 56
18 21 23
22 0 38
17 21 33
20 22 54
14 17 29
13 15 60
13 14 46
2 5 43
16 19 47
7 10 13
19 0 53
12 14 26
22 1 25
8 12 29
8 10 62
5 9 30
11 13 39
15 18 20
4 7 8
6 9 32
19 22 61
20 22 58
19 23 10
5 8 1
12 13 25
20 0 3
8 12 12
2 6 31
19 22 8
22 0 61
23 1 4
14 16 49
12 15 18
17 20 14
7 10 43
17 19 44
20 23 60
4 4 39
5 9 58
1 5 49
21 0 2
14 16 21
17 19 48
0 3 14
8 11 45
3 5 4
3 7 25
16 17 13
22 1 6
2 7 41
14 16 43
16 19 60
14 18 42
9 11 14
17 20 61
5 8 29
17 18 54
3 7 26
21 0 12
11 14 12
14 17 35
19 0 49
21 0 48
10 14 54
10 12 36
3 8 63
4 7 36
3 7 37
6 9 63
21 0 52
12 15 23
18 21 13
6 9 29
21 23 38
21 22 42
17 21 41
10 13 6
12 14 62
7 10 56
6 9 2
15 18 32
11 14 34
12 14 40
3 6 39
14 17 22
10 13 43
2 5 43
4 7 27
17 19 43
3 7 3
23 3 59
14 17 25
20 23 56
4 7 39
19 22 11
0 4 64
4 7 63
13 16 22
15 18 10
14 16 2
11 16 22
18 22 9
3 6 31
7 10 10
8 12 11
4 5 58
19 20 12
14 18 26
1 5 52
20 23 48
16 19 64
9 13 63
6 8 10
20 0 55
22 1 51
16 19 56
10 14 28
14 18 60
20 1 32
19 21 31
8 11 36
9 11 53
15 19 39
20 0 47
8 11 64
0 3 56
17 20 52
23 3 55
10 12 11
17 19 30
8 10 22
16 20 36
11 13 63
5 8 34
14 18 51
1 3 46
4 8 25
1 4 59
18 21 29
16 18 15
2 7 60
19 21 35
9 12 64
16 19 24
11 15 24
7 10 30
0 2 61
9 13 21
6 9 3
7 8 63
20 22 49
13 15 37
16 19 37
16 19 53
10 12 53
22 3 5
20 0 24
17 21 45
6 9 48
13 16 61
13 16 13
2 5 37
10 14 6
19 1 25
11 14 34
8 11 36
15 18 43
14 18 19
23 2 19
12 15 8
15 19 13
19 23 27
15 18 19
8 10 4
18 20 1
3 8 54
21 22 13
0 2 64
20 23 55
2 5 47
23 3 57
1 5 27
2 5 33
9 12 45
16 19 31
22 1 42
14 16 37
16 18 57
7 11 27
18 21 41
21 23 26
13 15 16
21 2 24
12 14 21
6 6 43
2 6 48
7 10 3
15 19 63
4 6 9
14 19 23
0 2 36
2 3 21
17 21 17
5 7 51
9 11 53
5 7 39
4 7 8
10 11 1
4 6 3
22 0 35
6 10 20
11 15 63
1 5 24
7 9 53
5 8 43
6 8 46
23 2 47
7 10 52
8 9 23
5 8 63
12 14 62
1 4 27
11 14 56
16 19 32
15 18 50
7 9 43
8 12 25
7 11 30
8 11 41
0 3 14
19 20 41
21 2 38
10 13 40
18 20 44
19 21 6
13 15 8
21 2 46
6 10 36
9 12 64
11 14 49
21 0 14
4 8 21
11 14 64
23 0 22
12 14 35
14 16 10
14 18 14
17 20 8
0 5 6
22 1 61
16 19 5
21 0 55
16 19 24
13 17 8
20 23 7
4 6 6
1 4 49
15 19 31
8 10 13
18 19 14
23 3 22
10 14 54
4 6 28
23 2 44
4 6 37
6 10 21
18 23 49
1 3 21
8 11 59
4 9 52
8 10 55
16 21 37
21 1 35
19 19 6
8 9 11
16 18 39
16 20 4
10 15 30
20 23 25
20 22 14
9 12 51
17 20 37
3 4 10
17 19 4
19 21 24
10 13 7
19 21 61
4 6 24
7 10 64
2 6 25
10 13 38
12 15 32
6 9 42
8 10 44
8 11 48
5 10 50
13 16 42
8 12 28
11 12 16
11 14 10
19 19 12
21 1 26
22 0 42
0 3 24
21 1 11
14 17 38
8 11 10
21 0 35
10 11 21
19 22 6
17 20 60
10 12 15
0 1 1
18 21 24
21 0 47
6 9 47
5 8 59
12 16 10
17 22 24
4 6 1
14 16 30
22 1 40
17 21 30
2 7 12
7 9 11
22 2 3
19 22 61
4 8 27
1 5 19
12 15 54
0 3 36
1 3 62
8 12 41
19 21 45
19 20 38
13 15 39
14 17 21
21 0 11
2 4 15
4 6 54
7 11 9
8 10 40
20 0 48
18 20 21
17 21 64
23 2 31
16 19 54
16 19 51
10 14 22
8 10 24
12 14 60
6 10 18
18 21 19
8 11 7
22 23 59
14 18 32
16 19 3
18 20 53
18 20 2
7 10 18
15 18 35
3 7 23
3 5 30
4 9 17
20 22 19
12 14 18
1 5 61
13 16 20
3 4 58
8 10 4
13 16 41
15 17 64
7 11 15
3 6 45
17 20 13
0 3 20
18 21 41
1 3 56
20 22 47
23 0 54
14 18 11
11 14 34
23 2 12
8 12 28
10 14 41
20 23 6
10 12 18
7 12 56
16 18 26
0 4 31
9 11 51
2 5 5
6 8 53
11 16 56
14 17 15
12 15 37
2 6 11
13 17 36
3 5 38
14 15 44
9 12 49
6 8 19
4 7 27
2 3 31
4 8 46
14 17 7
1 5 43
16 18 26
16 18 51
11 14 1
23 2 30
0 5 44
0 3 52
18 20 3
5 8 26
21 23 49
23 4 15
13 15 29
18 19 18
9 12 53
22 1 50
3 6 40
1 3 23
10 14 34
0 2 36
8 9 19
2 7 54
2 4 18
6 9 52
10 12 21
1 4 22
9 12 54
8 11 35
9 12 51
8 12 3
22 0 38
10 13 38
2 6 47
13 16 28
17 20 52
0 3 29
17 21 7
22 0 35
20 0 63
16 19 18
20 21 56
10 12 59
23 1 43
4 5 38
12 14 64
23 2 44
23 2 16
9 11 11
14 17 61
17 20 21
20 1 50
12 13 39
0 2 58
7 9 58
15 19 46
4 9 63
3 7 18
14 18 4
1 4 60
22 23 53
19 22 7
7 10 37
16 20 59
2 5 2
2 4 54
3 6 44
18 19 46
19 21 21
11 15 20
1 4 18
11 14 28
16 20 8
18 21 51
5 8 1
22 2 11
21 0 29
11 14 8
5 6 61
4 7 16
14 18 49
11 12 3
4 7 59
2 4 24
19 21 7
11 13 4
7 10 9
4 7 25
14 18 42
20 23 49
16 18 12
11 14 1
23 2 40
15 19 59
9 12 53
15 18 38
4 7 18
12 15 48
17 21 53
2 2 35
20 21 40
15 19 7
14 17 41
3 8 60
9 11 46
16 20 49
6 9 4
14 16 8
9 12 19
10 13 40
17 19 42
13 15 36
15 16 40
2 5 11
5 8 13
20 23 34
11 13 18
7 10 8
13 18 41
20 0 1
8 10 8
20 23 41
14 17 10
9 11 6
9 14 23
23 0 45
23 3 25
14 19 58
1 3 14
8 11 58
12 15 9
5 9 50
8 12 9
13 15 1
3 5 45
17 21 42
3 5 10
10 15 58
13 15 13
23 1 15
19 23 11
18 22 16
15 17 39
7 10 26
10 12 20
7 11 60
3 6 29
10 14 19
10 15 33
16 19 27
21 0 2
20 23 1
1 5 20
23 2 18
4 6 9
12 16 46
1 4 4
11 14 39
13 18 14
21 0 47
16 19 27
9 14 7
17 19 26
7 10 20
13 17 9
2 5 42
6 11 49
1 4 40
3 7 10
3 6 14
0 2 42
15 18 41
22 1 63
2 5 5
21 1 27
2 5 19
6 9 46
7 12 16
4 7 16
23 1 35
5 8 23
14 18 41
6 9 5
20 22 9
13 15 15
7 10 58
14 17 45
12 14 37
1 4 42
17 21 50
11 13 33
5 7 40
23 3 25
4 6 42
1 3 61
19 22 8
17 21 44
19 22 1
18 21 38
23 1 8
13 16 21
5 7 45
20 22 39
11 12 35
9 11 44
0 4 48
18 20 12
22 23 11
5 7 44
2 4 47
3 5 12
14 17 55
13 16 48
12 15 50
1 5 52
6 9 39
21 1 57
18 22 10
7 10 7
15 19 33
6 7 33
16 18 54
1 3 24
3 6 2
21 0 43
4 4 40
23 3 45
22 2 12
14 16 31
15 20 14
9 11 53
11 15 20
3 7 10
3 6 27
5 6 6
7 10 42
20 22 45
18 19 5
14 17 36
20 23 4
19 0 26
12 14 36
5 9 52
1 2 33
23 1 51
14 18 46
2 5 23
17 21 1
11 14 54
22 1 36
9 13 22
6 7 1
9 12 4
7 10 44
23 3 27
23 1 43
8 12 11
0 1 17
3 7 35
7 10 5
20 23 24
5 7 34
2 5 33
21 1 60
8 12 59
4 8 46
1 5 2
4 7 12
2 6 63
23 3 54
18 21 43
7 10 7
1 4 44
13 15 41
1 5 10
1 5 53
7 8 50
11 13 19
2 5 27
8 11 26
15 20 7
8 11 15
15 17 64
10 13 55
22 3 45
4 8 29
11 14 64
18 20 56
22 2 51
23 2 14
15 18 16
18 21 20
17 21 20
21 0 45
11 16 40
10 14 8
14 18 53
8 12 20
22 0 31
20 22 6
11 15 26
13 16 27
23 3 18
18 22 58
3 5 10
18 22 19
23 1 34
17 19 28
5 8 31
11 12 28
8 12 10
6 10 34
6 9 14
11 14 2
15 19 29
7 11 58
1 4 31
10 14 12
21 0 7
16 20 54
10 15 14
4 8 23
23 2 3
5 7 10
3 6 58
11 13 49
1 3 40
7 9 40
4 7 26
20 21 57
11 14 43
13 14 20
16 19 62
17 21 41
5 9 19
23 2 58
13 15 33
20 23 16
17 19 19
22 0 1
10 14 29
3 7 17
4 6 13
20 22 34
17 19 15
19 21 62
22 0 49
7 12 35
19 22 54
2 6 45
15 19 27
6 8 11
21 0 41
8 11 13
14 16 13
8 10 63
11 14 16
6 8 55
21 1 53
13 14 50
3 7 30
3 6 63
17 22 36
2 4 23
2 7 10
17 20 46
4 8 19
15 18 60
18 22 27
16 20 2
21 22 64
4 6 46
9 13 12
7 10 8
5 9 34
2 4 24
3 5 59
6 6 7
12 17 60
15 16 15
18 21 51
3 5 12
13 16 35
14 18 18
15 20 51
17 21 31
2 6 19
6 10 12
13 17 63
14 18 33
19 23 37
4 9 57
0 1 44
10 12 60
11 14 53
22 2 61
7 12 38
9 12 58
23 1 21
9 10 29
12 15 32
5 9 40
1 4 53
14 19 54
5 8 56
2 4 54
8 11 22
7 10 56
10 14 2
23 4 4
19 23 35
19 22 38
6 9 61
4 8 37
22 23 27
4 7 64
21 1 22
0 2 5
1 3 29
10 13 62
19 22 18
20 23 64
6 10 19
19 21 15
15 19 28
10 12 1
13 17 11
3 6 39
11 15 43
2 6 14
23 1 36
16 19 7
0 4 56
3 5 17
4 6 5
6 8 50
7 10 61
1 4 61
3 6 13
7 11 59
23 3 45
5 9 46
13 15 32
8 12 58
4 8 9
21 23 28
15 18 6
14 17 5
21 0 20
18 22 12
4 7 22
9 12 49
11 14 63
10 13 21
21 0 43
17 21 50
10 14 17
19 23 7
15 19 32
9 13 14
13 16 61
14 16 20
19 22 33
2 6 59
6 8 62
14 18 42
8 11 17
17 19 64
16 19 13
23 0 14
14 17 30
8 11 61
15 18 20
16 18 20
2 5 49
9 12 38
9 10 37
21 22 54
7 9 20
9 11 50
6 9 4
20 0 29
10 13 58
7 9 35
1 5 8
15 19 25
5 9 38
21 1 13
1 4 4
9 13 64
21 1 3
1 3 14
10 14 12
10 14 24
8 10 50
0 2 7
22 1 41
12 13 4
0 4 47
11 14 33
0 3 12
12 17 36
9 12 53
21 0 31
22 2 4
3 7 19
12 15 53
14 17 55
3 7 63
3 8 17
2 5 28
4 7 60
20 0 32
0 2 1
14 18 62
13 15 7
18 21 3
4 6 20
2 5 32
22 1 64
17 22 2
14 18 41
21 1 64
18 21 64
17 20 46
15 18 15
20 0 8
18 21 6
15 16 6
14 18 40
2 5 50
19 21 41
20 23 30
11 13 57
14 15 35
0 3 53
15 17 44
7 11 38
2 6 8
7 11 60
19 23 7
13 16 64
19 21 61
18 22 49
15 17 4
9 12 31
6 8 25
11 13 51
12 15 43
1 4 1
19 0 2
2 4 1
1 4 3
10 14 9
15 17 43
2 7 30
17 21 23
5 8 19
11 15 22
16 19 31
18 22 20
13 17 37
10 13 48
0 2 46
14 16 1
16 18 2
16 18 54
11 14 61
20 22 5
5 8 47
2 5 8
21 1 26
6 7 10
10 13 25
4 8 17
23 2 5
0 3 49
22 2 28
13 17 25
1 5 30
10 14 7
16 18 51
19 21 55
11 13 55
0 2 47
8 11 17
19 22 29
10 13 13
9 12 31
13 16 42
3 5 36
16 21 43
17 19 56
0 1 11
2 5 40
4 7 42
9 13 47
4 8 19
23 3 17
13 17 55
16 20 58
17 21 25
8 12 1
11 14 3
12 16 47
18 22 37
7 9 26
23 2 45
18 19 60
12 14 4
7 11 30
10 15 52
3 7 21
11 14 11
17 20 36
14 15 56
23 1 64
6 10 8
1 4 16
4 8 15
8 11 40
0 3 5
9 11 3
10 13 11
2 4 28
21 23 19
19 22 57
12 15 18
12 16 64
7 9 42
11 14 53
9 12 13
13 18 3
2 4 5
18 21 51
20 22 28
14 17 19
14 16 30
17 20 3
12 15 47
17 20 16
18 21 20
13 16 59
5 9 57
10 13 17
4 8 10
7 9 5
13 15 1
20 0 25
15 18 41
16 19 55
10 14 24
19 22 10
17 21 47
21 2 63
16 19 60
5 8 33
9 12 49
19 22 29
7 11 18
14 17 9
15 18 30
16 20 33
3 6 18
5 8 37
1 4 47
3 6 19
10 13 14
11 15 40
11 16 25
22 0 27
23 3 48
12 16 20
21 0 26
16 20 41
8 11 8
4 9 25
10 13 40
20 23 42
23 1 8
7 10 35
23 1 47
2 4 20
5 8 29
2 6 40
1 5 38
2 4 42
13 16 46
11 12 33
23 2 61
17 20 3
13 16 8
4 7 11
1 4 42
20 23 21
18 20 35
23 1 59
1 5 61
1 3 35
3 8 25
3 8 40
5 10 4
15 19 38
19 22 33
23 3 54
5 9 64
18 22 51
22 1 23
9 13 35
15 17 51
2 6 54
13 16 64
14 16 42
13 16 59
4 9 58
9 11 43
19 20 53
17 20 51
0 3 59
8 10 45
12 16 63
17 19 32
5 7 40
1 4 8
3 7 12
3 6 31
18 21 38
7 10 53
0 1 16
5 7 40
1 4 48
10 14 19
21 23 8
10 14 32
22 1 23
19 21 42
23 3 13
12 15 2
20 0 43
9 14 5
10 13 23
1 5 64
7 11 20
8 11 2
0 2 44
20 22 32
2 5 48
23 1 4
6 9 59
6 10 30
15 18 23
10 14 57
4 8 11
21 0 37
20 22 54
5 7 57
11 15 31
9 13 4
13 17 51
4 6 16
4 6 24
10 12 29
0 5 44
6 9 29
6 10 56
7 9 63
3 6 6
13 17 41
2 5 15
0 4 33
5 8 31
9 11 52
1 5 41
20 22 45
20 21 24
2 6 34
3 4 21
13 15 61
8 11 17
13 17 25
14 18 28
18 21 50
2 5 4
16 20 43
2 5 53
2 6 59
0 3 53
12 15 8
23 1 63
6 10 23
23 2 60
13 17 10
23 0 61
13 16 28
10 14 26
23 3 50
14 17 9
13 15 23
3 6 12
22 0 18
16 19 43
14 17 34
1 4 50
9 12 4
5 9 32
20 22 29
8 11 17
11 14 57
5 9 8
23 3 9
4 9 61
5 7 51
7 10 62
18 20 19
8 12 44
20 22 59
1 4 36
14 17 53
7 10 51
16 20 35
11 14 11
14 16 37
18 20 52
23 3 4
3 8 41
10 15 55
15 17 5
2 6 11
9 13 15
15 17 31
2 5 42
20 22 57
20 23 17
20 1 62
12 14 1
16 19 36
23 1 52
18 20 49
13 16 17
23 3 15
19 23 35
0 2 25
4 6 60
17 19 20
10 10 8
20 22 41
20 0 4
13 17 12
10 12 41
9 13 64
17 20 3
9 13 30
5 7 14
17 19 39
20 22 2
3 5 29
5 8 28
23 2 54
8 9 9
19 23 56
4 7 57
3 5 47
0 2 14
23 1 54
23 1 17
21 2 58
21 22 36
7 10 33
3 7 64
18 22 40
21 0 18
21 23 55
13 16 34
20 0 4
1 6 21
18 22 14
9 12 34
12 16 19
5 7 38
22 1 48
9 13 34
7 10 13
9 13 42
13 15 37
23 2 42
15 17 51
7 12 15
2 4 60
7 9 2
11 13 59
13 16 14
1 3 21
14 19 38
14 18 35
1 6 42
17 19 6
13 15 41
15 18 42
3 6 22
4 6 14
21 0 54
18 20 60
12 15 34
11 14 8
14 17 4
15 20 41
13 17 47
20 0 50
14 18 22
14 19 8
17 20 24
17 20 43
2 6 25
7 11 27
10 11 45
17 21 52
7 10 64
8 11 16
18 21 43
11 14 45
11 13 18
2 6 9
6 9 7
10 12 35
12 13 1
9 13 7
11 14 56
18 22 51
13 16 63
0 2 20
1 5 17
21 23 5
6 9 40
22 1 51
3 6 61
9 12 35
6 11 26
8 10 15
16 19 3
19 20 36
20 23 63
17 22 44
19 22 11
14 18 31
0 3 16
0 4 17
2 5 28
10 14 22
14 16 63
3 5 45
21 0 56
5 7 9
11 13 28
20 23 21
15 18 43
23 3 24
10 14 9
21 1 57
17 19 45
17 19 36
19 21 64
5 9 58
12 14 9
11 13 33
13 17 61
1 4 53
22 1 10
7 11 42
3 7 4
0 3 62
13 17 22
1 3 27
5 8 8
17 19 33
12 14 46
23 3 64
19 22 49
9 11 17
17 19 36
7 9 17
21 0 54
10 13 54
12 14 32
18 20 14
13 17 28
2 6 41
13 16 52
18 21 4
19 22 37
14 17 42
18 21 17
5 8 9
15 20 11
5 8 10
15 19 10
5 8 21
23 2 9
1 2 9
15 19 30
21 23 5
10 13 46
10 12 51
12 15 62
13 17 25
7 12 43
11 14 30
9 12 24
15 18 33
15 20 48
20 23 24
6 10 8
1 4 2
20 22 22
1 2 56
1 2 26
4 7 5
4 7 42
22 0 20
0 4 34
5 6 15
8 11 60
11 14 14
20 0 62
13 15 36
0 4 9
16 20 63
11 16 7
7 11 21
16 17 62
8 12 45
3 6 22
23 0 46
5 8 16
14 16 57
7 10 62
5 7 7
2 2 18
13 16 59
15 18 27
4 6 43
23 1 41
23 3 49
8 11 41
11 15 5
22 1 59
13 14 56
6 11 39
22 1 45
5 8 36
21 2 9
22 23 10
15 17 60
20 0 35
9 13 54
19 21 35
17 22 43
16 17 39
7 10 22
9 12 24
6 9 46
23 4 31
4 6 29
7 10 30
2 6 51
0 2 15
9 12 2
4 8 47
14 18 9
6 9 3
7 9 23
19 20 28
13 16 5
4 7 41
4 6 52
14 17 49
1 3 43
7 10 38
8 10 14
2 6 37
14 17 24
5 9 24
19 20 56
5 9 13
21 0 40
23 3 64
0 3 41
11 15 39
14 16 55
12 16 28
2 4 22
20 22 14
3 7 51
12 16 5
2 7 61
15 18 16
14 16 6
13 15 29
17 19 6
11 14 36
0 3 32
0 2 54
23 1 55
7 8 32
2 5 28
9 13 7
15 18 36
2 3 55
8 10 13
10 13 49
22 0 29
20 22 7
17 21 9
13 15 57
18 21 47
6 8 46
21 1 37
19 22 24
5 10 14
19 21 3
8 11 50
15 20 11
4 7 40
15 18 13
11 14 45
8 12 38
21 0 23
5 7 13
13 16 36
19 21 51
4 7 44
18 20 62
1 4 46
13 16 31
21 0 11
19 22 16
9 12 39
2 3 55
14 19 45
3 7 42
4 8 37
14 16 58
5 9 20
11 14 48
3 7 63
9 12 45
10 12 15
0 2 60
2 6 55
17 20 48
16 19 39
5 9 39
19 0 1
18 21 48
13 15 14
7 8 46
5 8 29
23 2 8
14 17 5
21 0 16
10 14 25
20 0 3
19 22 25
8 10 49
10 12 7
3 5 43
13 16 23
10 13 58
4 7 24
22 1 7
19 22 55
15 18 2
4 6 30
16 19 7
19 22 18
19 23 6
7 9 56
14 16 50
19 22 64
10 13 42
19 21 4
6 8 27
13 18 59
22 2 4
18 20 4
22 2 31
3 6 54
3 5 44
19 21 36
14 18 8
1 4 45
18 20 40
20 23 35
3 8 37
5 8 46
5 9 53
6 8 52
7 9 13
6 7 35
23 1 48
10 12 53
19 23 31
1 3 49
23 3 36
12 15 58
2 5 48
0 3 16
10 13 58
14 16 37
4 6 11
18 20 33
21 1 32
19 21 17
15 19 42
5 8 50
14 15 37
14 18 57
14 19 32
8 8 13
0 2 2
12 13 48
15 18 58
2 7 62
0 2 48
17 20 5
10 12 40
2 6 14
1 4 3
19 22 27
17 19 28
12 14 60
7 10 10
8 10 61
15 18 7
17 21 62
11 14 44
13 16 32
22 1 1
12 17 25
17 19 21
23 1 45
11 14 43
8 12 55
23 2 57
2 5 25
13 15 61
13 15 53
20 23 21
17 21 52
10 13 6
7 11 33
5 8 37
5 7 47
4 6 7
3 6 64
11 14 41
5 6 27
21 1 59
4 7 17
7 10 26
16 17 7
18 22 56
2 5 8
19 23 4
10 14 1
10 13 14
15 18 45
1 2 25
22 1 7
15 18 39
20 23 34
15 18 53
18 20 53
3 6 50
11 12 22
19 1 50
22 1 40
23 1 14
10 13 58
21 0 28
21 1 47
22 1 38
21 22 2
6 8 28
9 12 17
8 10 43
5 9 31
8 11 44
12 16 57
13 18 64
13 16 2
13 15 13
7 10 24
6 10 64
4 6 27
17 20 19
17 19 19
11 14 62
15 19 47
10 14 52
19 22 22
14 18 36
22 1 34
2 6 60
5 9 25
6 9 61
2 4 9
13 16 64
23 3 43
5 7 35
0 3 49
18 23 29
21 0 4
23 3 25
4 6 59
19 21 50
7 9 29
23 2 3
1 3 7
2 6 36
16 20 10
10 13 47
14 18 22
10 13 10
11 16 5
2 4 22
16 18 57
14 16 13
11 13 41
23 3 47
15 20 6
5 9 40
21 0 11
7 11 42
20 22 64
22 1 28
22 0 15
7 10 57
17 21 18
16 19 3
8 13 64
21 1 64
13 15 16
5 8 33
2 4 53
1 4 53
22 2 34
10 13 50
9 10 44
3 6 38
21 0 15
15 19 31
21 0 51
8 11 6
14 15 37
2 4 4
21 23 32
12 14 41
16 17 2
10 14 10
9 12 58
12 15 26
13 17 51
9 12 19
18 19 50
3 6 29
23 1 8
1 4 10
20 1 12
11 13 7
22 0 49
15 18 20
4 6 58
11 16 33
18 21 32
6 10 32
5 9 27
7 10 21
17 20 10
16 19 38
13 15 57
12 15 46
22 1 32
8 12 16
11 13 10
20 0 47
12 16 30
0 3 2
19 22 37
17 22 35
10 14 44
21 0 26
3 5 1
0 3 42
8 10 14
15 17 19
6 9 49
16 20 45
4 5 12
3 5 23
14 16 46
20 23 49
11 15 4
8 11 58
0 3 16
8 10 60
17 19 5
7 12 3
2 6 15
21 22 57
14 17 9
4 8 31
18 22 4
19 23 54
13 18 25
20 22 22
23 2 51
22 1 33
18 22 56
1 3 40
23 2 56
8 10 37
13 16 11
18 22 47
20 21 16
5 7 5
11 15 24
20 22 60
17 20 51
20 23 41
16 21 59
12 15 43
0 2 49
5 9 63
17 20 22
2 6 58
6 9 27
11 14 61
20 22 8
1 5 23
8 9 53
15 18 21
13 17 58
19 20 3
20 0 24
7 10 29
7 11 53
6 9 14
15 18 51
6 8 59
0 3 47
12 14 40
2 5 51
20 23 31
15 18 41
13 17 27
8 12 63
18 22 44
5 8 40
19 22 18
17 21 11
18 22 36
23 1 31
8 10 40
0 5 8
8 12 18
14 15 30
12 15 22
18 20 22
7 10 9
0 4 14
14 18 31
7 10 23
17 20 21
9 13 64
1 5 57
6 9 64
1 6 24
1 4 57
10 13 47
10 14 5
22 1 7
1 5 34
8 10 29
11 15 44
9 12 7
10 13 10
19 22 45
10 13 16
3 6 62
14 18 39
3 6 25
7 10 25
23 23 47
5 8 58
11 12 5
19 22 19
15 18 42
6 9 9
6 8 22
1 4 13
9 12 38
14 17 45
20 1 49
21 23 53
5 7 55
17 20 26
19 21 7
11 15 30
12 15 27
12 15 6
16 18 43
15 19 20
21 2 12
8 10 43
7 9 29
5 10 18
20 23 30
14 18 58
3 6 8
15 17 28
10 13 36
18 20 14
18 21 25
21 1 31
16 20 49
4 6 53
5 9 16
1 4 17
16 20 5
0 4 47
18 19 46
2 6 52
20 22 57
3 7 29
19 22 8
0 3 63
20 1 16
5 8 33
23 1 27
5 10 60
1 5 24
21 22 29
3 5 64
4 7 17
0 4 49
11 12 23
20 23 21
13 16 50
1 5 53
12 14 9
10 13 5
10 12 28
15 19 21
16 19 32
15 19 55
14 17 63
4 7 13
7 9 52
2 5 45
20 22 56
9 12 47
19 23 9
17 18 17
18 21 16
18 20 39
6 9 18
3 5 50
1 3 47
11 13 30
21 0 21
23 3 33
8 14 3
18 23 3
10 13 45
12 15 61
6 8 38
19 21 47
16 19 51
16 17 28
23 0 2
15 17 43
6 8 48
4 8 1
15 18 59
14 17 61
10 13 54
12 16 36
22 1 38
13 17 25
9 12 19
12 16 22
12 16 27
9 13 36
4 7 33
8 11 44
22 0 43
21 22 30
2 4 19
5 9 59
8 9 10
16 18 29
6 9 12
20 23 40
5 9 61
9 10 11
11 14 47
22 0 23
11 14 35
8 12 18
2 6 6
11 15 60
6 9 62
6 9 52
12 15 54
19 21 48
8 9 64
21 23 50
19 21 18
2 5 32
4 4 34
15 16 43
21 2 13
10 12 22
20 0 52
17 22 24
8 10 50
8 12 9
9 13 58
3 5 2
1 5 10
12 14 45
0 4 25
11 15 2
0 6 9
6 9 13
4 8 14
19 21 16
19 22 38
10 11 44
12 16 44
23 3 54
17 19 22
10 12 64
14 17 26
9 12 5
13 17 3
16 19 54
2 5 18
19 23 29
9 12 20
3 7 42
12 16 44
13 16 16
5 7 23
2 6 15
8 11 41
23 3 40
18 21 34
15 17 23
12 16 1
18 23 40
4 8 10
8 13 40
15 18 6
10 15 43
15 18 44
11 13 14
12 14 24
7 11 41
10 13 6
6 10 63
11 15 51
8 11 56
21 23 36
16 19 64
4 6 14
14 17 44
4 7 25
19 21 8
10 12 49
7 11 36
8 12 30
2 4 55
8 10 49
17 19 60
7 12 51
10 13 28
5 8 53
9 12 1
21 0 55
8 12 44
7 10 16
16 18 29
17 19 48
17 20 39
10 14 18
19 22 45
11 15 1
20 22 14
22 23 58
3 4 32
10 11 20
4 6 46
22 2 36
17 19 17
18 21 3
15 20 59
9 14 57
15 17 31
19 22 55
1 5 6
17 19 34
7 11 38
12 15 27
14 17 37
14 17 29
20 0 41
16 18 15
16 19 30
17 20 9
1 6 55
5 9 41
5 7 30
11 14 57
3 6 57
4 9 39
0 4 44
20 23 26
20 23 14
4 6 62
10 14 28
1 5 42
17 21 55
18 23 2
23 3 7
0 3 3
11 14 61
11 15 27
8 12 33
6 9 20
7 11 14
20 23 41
23 2 15
9 11 33
7 11 24
22 1 64
0 2 43
11 16 9
3 7 21
8 13 5
11 14 14
10 13 21
1 3 24
15 18 41
6 9 52
11 13 8
16 19 47
13 16 56
11 13 56
16 19 9
6 10 1
17 18 63
0 4 44
3 6 41
23 3 1
2 5 2
13 16 35
21 1 48
21 0 45
8 14 2
18 22 45
16 19 15
2 5 49
5 7 15
18 20 19
23 1 1
0 2 43
23 3 9
1 4 34
8 10 20
1 4 30
2 6 36
14 18 14
7 11 1
20 23 15
20 22 56
10 12 17
9 11 50
7 9 45
15 17 37
23 2 31
12 15 10
5 7 37
5 6 59
12 15 46
23 3 19
14 17 29
14 17 29
17 20 6
23 3 51
3 7 40
10 12 58
21 22 47
18 20 55
1 4 24
19 21 14
7 10 19
20 22 10
14 18 56
3 6 40
0 3 57
7 8 23
18 22 29
13 18 41
15 18 13
0 4 4
8 13 21
8 11 13
9 12 41
1 3 56
2 6 7
21 1 6
5 9 13
3 5 58
12 18 32
0 4 53
0 3 49
4 5 5
6 9 34
1 2 26
16 18 22
1 3 5
18 20 4
11 14 7
3 5 42
16 20 6
0 4 6
11 14 2
1 5 29
15 18 61
4 7 26
10 13 3
15 19 27
3 6 1
19 22 6
15 19 12
17 22 14
20 22 55
2 4 54
2 4 3
5 9 18
0 4 43
22 1 45
15 19 40
23 2 2
12 15 5
17 20 1
3 6 49
10 14 41
13 16 23
6 9 10
3 4 46
12 14 27
8 12 49
23 2 3
10 11 28
8 9 55
9 14 9
13 17 2
5 7 46
20 23 30
19 0 47
20 22 17
11 13 20
5 10 45
18 21 12
13 16 30
16 19 63
7 10 54
1 3 54
2 5 64
6 10 47
9 12 40
5 8 41
11 13 7
19 21 14
8 10 6
4 8 47
21 2 33
18 21 51
16 20 18
15 16 1
19 22 7
20 0 20
9 11 63
8 10 58
13 16 33
13 18 8
0 3 16
10 14 19
11 13 13
3 7 24
9 12 5
22 2 7
4 8 28
17 22 25
23 0 52
1 3 55
13 18 62
21 0 59
15 17 4
17 21 50
20 23 23
2 4 34
10 14 59
15 18 20
2 5 45
2 5 19
18 22 12
2 4 41
10 11 49
0 2 49
12 15 3
16 19 37
13 15 37
13 15 49
7 10 11
20 0 29
11 15 52
0 4 61
13 15 34
20 23 34
3 4 59
7 9 23
9 14 57
11 15 22
1 5 20
4 7 5
22 23 22
8 11 58
10 13 45
22 1 63
13 16 8
21 1 14
15 19 61
12 15 38
19 21 13
20 23 13
19 20 42
1 3 39
9 13 42
7 10 64
14 17 34
21 0 34
2 5 33
16 21 15
11 16 32
7 9 13
4 7 48
11 14 34
3 6 11
13 16 31
1 3 54
22 1 63
5 10 46
5 6 4
21 23 40
10 12 61
14 16 61
11 14 45
18 21 14
16 19 51
8 10 21
19 22 9
18 22 40
8 11 38
16 19 10
18 21 62
20 1 25
22 1 14
16 17 48
17 20 28
1 3 9
19 22 11
13 17 48
23 1 29
10 12 22
2 4 46
1 4 10
1 4 19
20 0 57
14 17 5
16 20 4
11 17 57
9 13 36
15 19 18
5 7 11
2 6 33
8 12 11
11 13 26
22 3 11
9 12 51
6 8 36
3 7 52
5 6 20
1 4 47
18 21 45
10 14 12
23 1 18
8 12 24
12 16 33
7 10 5
17 20 34
1 3 17
0 3 23
11 15 64
2 5 29
4 6 28
15 17 16
1 5 55
4 5 4
20 22 38
15 18 37
17 20 53
15 18 12
0 4 49
23 2 44
15 18 7
23 2 1
9 14 38
17 20 64
18 22 44
17 21 15
23 2 46
13 16 59
14 17 34
17 20 54
14 16 32
3 5 40
9 12 59
5 10 58
8 12 54
7 9 5
11 14 4
16 16 27
13 16 55
4 6 30
16 19 10
12 14 13
20 23 61
21 0 11
18 22 25
5 7 25
18 22 13
13 16 52
12 14 2
14 18 19
1 4 11
14 17 48
16 21 9
15 18 52
20 23 2
15 19 35
12 15 11
11 13 63
0 2 6
13 15 17
5 7 45
6 9 28
3 5 9
7 9 29
2 6 3
7 10 24
19 20 34
16 19 4
14 17 16
2 5 51
21 0 1
1 5 54
1 5 26
2 5 37
3 8 19
4 7 13
19 0 64
0 4 25
15 18 33
10 12 45
1 3 8
4 7 53
3 5 44
22 0 13
11 15 57
15 18 31
2 7 13
19 23 8
0 4 61
13 14 8
23 2 53
1 2 47
5 8 2
1 6 10
5 6 13
4 7 51
10 12 35
3 7 6
12 14 13
21 1 16
10 13 53
3 5 58
23 3 44
21 1 41
8 12 41
4 7 27
10 12 37
13 17 32
21 0 18
11 14 17
16 17 35
11 14 33
3 6 52
0 1 33
12 16 59
22 1 5
12 15 53
12 15 22
13 16 59
10 14 7
11 12 3
9 11 38
0 4 57
21 0 9
15 18 16
8 11 38
21 0 40
14 17 39
0 5 9
11 14 2
6 8 62
21 0 44
22 3 35
22 2 44
10 12 58
19 23 26
4 9 26
13 16 9
3 5 14
4 8 34
19 20 22
10 13 36
12 14 62
18 21 14
9 13 4
23 3 47
17 20 37
17 20 62
2 6 8
10 12 25
11 15 57
14 18 54
12 15 36
5 8 64
4 6 60
9 10 43
11 15 7
23 2 31
21 0 59
13 14 40
11 13 52
23 1 14
14 17 54
22 1 19
3 4 28
4 8 41
7 10 17
14 15 24
20 23 61
6 9 3
23 1 35
12 13 61
1 4 35
23 1 8
18 21 25
15 18 27
20 22 23
19 23 60
17 21 19
8 11 56
17 20 38
23 0 16
11 14 46
8 10 27
11 14 43
20 23 25
22 0 27
18 22 25
2 4 64
20 23 8
11 15 29
19 22 51
12 15 9
15 19 25
18 20 5
8 11 59
20 22 54
1 2 26
21 1 45
16 19 50
3 8 58
22 2 15
12 14 47
7 10 18
19 22 3
16 18 56
1 4 24
9 15 46
18 19 37
14 17 19
13 15 48
12 14 28
1 4 56
9 10 59
15 19 32
16 19 13
17 19 17
10 13 52
1 5 2
1 6 58
6 8 44
5 8 15
16 18 63
11 15 36
22 1 24
17 19 10
9 13 26
9 13 24
17 21 42
6 9 55
10 14 18
16 20 31
21 0 55
7 10 52
6 9 5
10 13 46
8 12 57
1 3 20
11 14 15
22 1 58
9 10 17
2 6 4
13 17 59
20 22 40
0 1 27
13 16 56
12 15 54
4 6 38
22 1 26
10 14 9
1 4 35
10 14 61
9 11 12
13 16 46
7 10 39
20 0 13
5 9 60
4 7 52
17 21 39
11 14 28
21 1 11
10 11 7
4 7 16
9 11 54
14 16 53
12 16 16
2 5 26
2 6 35
8 10 31
20 23 46
11 13 42
13 15 2
14 17 38
0 2 27
11 16 62
8 12 30
21 1 8
6 11 6
22 1 4
19 21 8
19 22 52
21 23 42
14 17 26
20 23 64
7 11 10
13 17 7
3 7 24
13 15 11
1 3 34
18 20 63
16 18 55
9 14 36
2 5 12
22 1 21
9 13 18
22 2 35
21 1 12
6 9 17
10 13 12
11 13 45
12 16 63
11 15 10
13 18 25
15 18 62
8 11 1
6 10 6
10 14 27
17 18 55
22 0 56
3 7 59
0 3 28
23 2 48
19 21 17
19 22 18
12 17 4
21 0 32
4 6 58
13 16 39
3 7 6
7 11 29
22 0 41
20 0 30
14 16 40
11 14 37
4 8 11
17 22 30
9 11 48
15 21 20
17 20 32
1 5 36
6 8 29
20 22 55
0 1 12
19 22 43
17 20 10
17 21 16
22 1 32
23 1 23
6 10 64
13 15 49
8 10 52
18 23 52
11 14 22
8 11 28
11 14 26
7 10 37
5 8 5
13 15 56
21 1 53
19 22 57
12 14 56
9 12 41
2 3 2
18 20 44
23 2 55
11 13 57
10 15 31
23 3 42
1 4 15
12 15 2
6 10 32
19 22 33
13 16 37
7 8 39
21 0 53
4 6 22
16 19 2
17 21 63
18 21 34
16 18 8
19 1 45
16 18 3
11 15 41
21 1 60
15 19 7
7 11 51
6 10 45
19 23 59
0 1 21
20 0 49
1 4 35
22 2 31
17 20 15
17 20 19
5 7 62
4 9 57
4 6 27
19 22 27
14 17 39
15 18 10
16 19 62
15 17 56
11 15 46
21 1 56
16 18 27
4 8 45
23 4 2
9 12 52
11 13 46
22 23 12
11 13 18
12 15 3
7 10 48
17 21 9
9 11 18
13 16 14
13 16 56
16 18 53
0 3 40
21 23 28
22 0 56
14 19 13
6 6 12
3 6 16
18 20 25
9 12 4
16 18 8
9 12 48
5 8 62
21 1 24
9 12 19
19 22 59
17 20 51
22 0 41
11 13 15
1 4 51
10 12 53
18 21 46
9 12 57
19 22 29
13 17 20
10 13 32
22 0 30
5 8 37
4 8 3
21 1 41
1 4 54
3 6 62
5 8 26
3 8 20
4 6 45
21 23 54
23 1 2
12 14 23
14 16 21
19 22 33
17 19 58
14 16 30
12 14 7
20 23 15
5 7 2
13 18 18
11 14 10
22 3 21
13 15 61
12 14 8
13 16 11
8 13 42
10 12 16
22 1 16
2 5 21
10 14 3
12 17 22
13 16 25
22 2 41
2 4 17
16 20 57
4 7 15
5 9 13
19 21 61
22 0 26
6 10 62
15 18 14
22 0 18
7 12 44
15 18 63
9 14 46
6 8 61
14 19 17
11 16 45
16 19 62
20 22 36
14 18 38
18 23 42
16 20 28
0 2 58
4 6 50
10 13 5
12 14 28
20 22 7
6 9 16
20 0 11
17 20 51
12 15 61
0 4 33
14 17 25
6 8 58
2 6 26
19 22 37
8 11 61
1 4 26
13 18 25
16 19 52
13 15 21
7 8 43
20 22 6
9 13 55
21 0 36
18 22 10
20 22 20
12 15 21
7 9 36
20 23 34
17 19 21
10 11 18
12 15 22
14 17 15
17 21 17
22 1 43
19 22 4
16 19 47
14 16 21
14 18 43
10 13 14
15 17 23
2 5 59
1 3 18
18 22 21
6 8 29
7 9 45
15 19 22
3 8 60
14 16 53
4 6 64
10 13 40
11 15 4
8 12 30
23 1 50
4 8 18
15 17 53
0 3 2
9 13 56
1 5 55
1 5 46
5 8 39
21 0 9
16 19 48
13 15 64
15 19 39
6 8 57
14 17 36
20 22 33
4 7 29
12 16 39
3 7 28
22 0 14
5 8 19
1 6 13
8 11 2
3 8 57
23 2 58
17 21 56
22 1 30
8 9 27
8 12 2
19 22 37
2 6 52
6 8 1
1 3 23
7 8 26
1 2 12
0 1 38
7 11 30
12 16 60
14 17 51
1 4 30
19 22 62
13 17 46
11 16 31
4 6 49
19 21 63
9 11 4
13 16 47
8 10 46
19 21 23
18 21 17
19 22 52
8 12 5
19 21 6
20 2 16
8 12 8
2 5 62
17 20 55
17 19 13
16 20 7
9 13 30
19 21 25
1 5 42
18 21 22
5 8 63
10 14 58
22 1 33
13 14 1
18 21 16
11 14 43
6 8 6
2 6 8
5 10 41
15 17 27
3 5 51
15 16 1
19 22 9
4 9 56
22 0 50
10 13 60
10 13 33
11 14 50
1 3 32
13 15 64
6 8 33
8 11 4
20 22 6
4 6 1
13 17 60
11 14 43
23 2 62
9 13 38
13 17 14
17 19 43
16 20 6
18 20 3
4 9 22
6 8 20
7 7 63
22 0 39
5 9 20
0 4 15
10 13 34
20 23 50
11 15 41
0 3 47
8 11 4
11 14 58
22 0 3
9 11 7
9 11 50
11 14 26
23 0 17
9 12 1
17 20 60
6 8 59
23 2 30
6 9 38
0 1 37
2 6 52
9 12 21
3 7 51
21 0 28
18 19 15
11 15 11
23 2 64
21 2 6
12 16 57
20 22 13
12 14 20
10 12 54
23 1 25
5 8 49
12 17 55
8 11 13
2 7 58
22 23 37
6 9 48
18 21 6
22 2 39
11 15 57
6 10 54
15 17 46
0 4 17
16 18 6
16 20 41
3 5 62
15 18 32
5 8 19
2 7 56
12 14 20
15 18 23
11 14 52
0 5 8
18 19 61
1 4 7
19 22 14
1 4 51
21 22 62
15 15 62
21 23 27
22 2 60
17 18 9
16 18 39
5 9 11
15 19 32
10 13 59
4 7 51
16 20 21
5 7 55
2 5 38
17 21 28
7 10 54
0 3 60
21 23 21
15 19 27
10 12 14
4 7 11
11 14 35
9 13 34
23 1 26
22 2 27
9 12 33
23 3 61
1 5 29
6 9 42
15 18 29
14 18 1
18 20 27
13 16 4
11 13 20
9 16 53
5 9 62
13 14 55
7 9 23
4 9 18
18 21 39
17 20 25
23 3 9
12 14 60
19 23 18
16 17 60
2 6 33
8 10 21
3 5 11
19 21 5
11 13 18
13 14 6
0 5 40
15 17 1
23 2 40
13 16 35
3 7 35
15 17 53
10 15 6
7 11 5
7 10 35
3 4 37
16 20 31
23 3 18
13 17 28
1 6 27
8 10 8
3 5 26
4 7 50
4 5 54
6 10 1
19 23 26
21 0 28
2 5 21
14 17 22
1 4 44
3 5 42
17 20 50
3 6 23
6 8 60
3 7 46
13 17 41
14 16 24
9 12 14
22 0 27
21 23 36
22 0 12
10 13 47
13 15 60
12 13 24
15 17 18
4 7 17
22 0 51
8 10 57
8 13 26
8 13 7
1 6 13
20 23 44
15 19 63
20 0 4
3 7 38
13 15 55
14 18 41
6 6 64
4 7 17
8 10 30
22 0 37
0 5 35
17 20 7
0 3 5
13 16 34
9 11 5
10 11 64
19 22 2
10 12 1
11 13 38
21 22 56
20 0 8
22 0 30
18 20 21
20 22 14
4 6 19
11 15 29
9 13 62
15 18 51
11 14 10
8 10 16
20 23 53
21 0 62
14 18 25
16 22 19
19 22 43
10 13 55
8 11 37
21 2 7
5 7 36
2 5 21
13 15 20
12 15 50
20 23 49
8 10 10
11 14 25
5 9 7
19 22 5
21 1 62
15 19 21
12 14 5
10 11 33
22 1 17
23 23 18
12 15 25
6 10 10
2 4 20
23 1 61
10 13 10
18 18 60
12 16 5
15 17 25
13 15 21
11 13 9
1 5 12
16 20 56
6 10 7
10 12 20
1 3 7
5 9 61
0 4 8
20 23 37
9 12 61
6 11 48
12 15 60
3 6 27
20 23 60
13 16 44
20 22 15
16 19 6
14 17 2
19 20 39
15 19 19
12 15 19
2 4 54
10 14 13
19 21 1
15 16 17
20 22 59
18 22 6
9 12 21
4 7 44
20 0 61
4 7 12
19 19 34
23 2 55
10 13 26
12 15 2
17 19 25
0 5 59
2 5 40
9 12 18
17 17 29
9 11 9
9 11 24
3 6 47
7 10 43
20 23 32
11 13 54
0 2 62
8 12 31
11 15 14
6 9 31
15 19 7
5 7 51
22 1 24
19 0 40
23 2 39
7 9 48
22 1 29
0 2 38
9 12 41
8 12 35
6 11 41
8 9 49
19 22 25
15 18 9
19 21 53
22 2 11
22 0 52
5 8 62
18 20 37
0 2 21
16 20 27
11 13 28
6 10 4
16 19 36
3 6 49
7 8 19
9 12 54
23 3 54
20 23 28
7 10 64
7 8 51
12 15 15
3 6 34
19 22 31
19 23 5
11 13 20
19 21 31
4 6 28
12 15 23
8 11 47
23 4 41
23 1 23
4 6 61
23 3 17
22 1 42
14 17 33
17 21 30
18 21 49
1 2 8
19 22 15
4 6 39
13 15 23
17 20 5
3 5 35
12 16 31
9 13 16
18 20 43
11 13 36
23 3 7
3 7 12
11 14 23
4 6 13
14 16 27
6 10 11
4 6 8
17 20 43
12 15 38
14 17 31
3 6 41
6 10 63
20 23 19
14 17 56
4 7 49
7 9 6
22 0 49
0 2 44
3 6 2
23 2 40
11 14 30
2 5 26
4 7 62
6 10 32
20 22 1
18 22 2
0 2 7
4 7 32
5 9 41
15 17 21
6 10 5
16 19 27
5 8 33
2 3 52
8 8 37
6 9 12
23 2 28
23 2 11
14 17 41
20 0 44
20 0 55
12 14 34
3 6 62
18 22 43
6 9 17
3 8 44
12 14 22
22 0 9
15 19 62
7 11 63
9 14 6
12 15 24
13 15 48
15 16 29
0 4 21
3 7 41
10 15 20
1 2 61
14 18 38
16 18 30
6 9 46
6 9 61
5 8 48
5 8 14
12 15 54
10 12 52
14 18 61
15 18 12
7 10 64
20 0 35
8 10 42
17 20 50
0 3 32
11 11 62
4 7 17
11 13 22
14 16 43
12 15 5
17 20 40
9 12 8
12 15 31
16 18 1
10 15 50
10 13 54
15 18 44
23 2 35
15 18 14
8 12 33
5 9 57
16 19 29
10 12 62
8 12 7
16 20 5
23 3 12
19 0 5
17 20 15
15 17 24
2 5 51
23 3 7
19 22 29
21 2 14
20 0 56
10 14 10
14 18 57
16 19 19
0 3 21
17 20 9
4 7 31
4 8 48
21 0 15
0 3 1
23 2 2
3 6 35
2 6 2
17 20 46
14 17 39
8 11 49
4 5 8
16 19 55
10 15 8
23 2 32
19 22 2
22 2 24
9 11 1
22 0 10
14 17 20
4 7 42
21 23 39
8 12 63
20 23 35
16 19 38
14 18 53
13 18 18
1 3 30
22 0 64
7 11 46
12 14 49
13 17 11
18 20 7
18 22 24
12 15 63
14 17 9
20 0 44
19 21 53
10 12 24
19 21 54
8 12 13
6 9 27
19 22 38
13 15 21
14 15 1
0 4 13
0 2 50
7 10 36
22 0 18
22 2 48
9 11 22
7 11 23
6 10 23
0 3 20
22 1 1
1 5 48
18 21 29
17 20 42
13 17 27
17 22 56
14 16 18
4 6 60
10 14 62
12 16 45
2 3 19
10 12 4
19 22 53
22 1 22
6 9 44
23 3 33
1 3 38
4 5 53
3 7 40
18 20 44
23 2 20
4 8 18
4 8 51
9 11 38
8 11 35
14 16 9
3 5 22
7 9 10
15 18 49
0 3 11
8 11 61
16 21 19
23 2 43
9 11 62
16 20 30
7 9 38
7 10 15
11 15 17
13 17 34
2 5 29
3 7 38
11 14 57
15 18 57
10 14 29
14 19 14
18 21 57
22 1 59
23 1 12
17 21 56
9 12 39
21 22 58
10 13 31
8 11 17
9 12 44
12 14 7
11 13 9
3 6 11
1 6 40
0 4 24
19 23 23
14 18 63
12 15 56
16 18 3
22 1 28
20 0 14
8 9 32
7 9 8
5 6 29
0 3 36
8 11 49
23 3 20
15 17 24
6 8 23
12 17 54
23 1 31
18 21 4
16 20 13
11 13 20
13 16 3
0 3 24
12 16 28
16 20 28
13 16 37
22 23 55
11 13 51
10 14 51
7 10 27
8 12 50
5 7 38
23 2 35
18 20 22
20 22 64
7 10 57
1 3 19
20 23 19
2 5 24
20 23 55
19 21 52
16 18 50
23 1 29
3 5 19
16 19 47
15 17 61
0 4 30
7 12 52
17 21 14
2 4 58
19 23 17
20 23 21
9 12 21
8 11 6
21 0 8
5 10 27
3 7 26
23 4 24
16 19 37
17 18 5
17 20 31
15 18 26
7 9 29
11 13 28
3 7 27
11 13 8
8 12 26
16 20 37
9 11 35
2 5 49
16 19 47
13 16 13
12 15 33
22 1 11
13 16 1
10 13 28
7 9 24
10 14 40
10 12 64
2 5 18
11 15 40
17 19 64
7 9 40
2 6 56
17 21 39
21 23 35
17 20 8
20 22 57
2 4 45
14 16 46
10 13 38
13 16 12
5 9 22
4 7 60
8 10 37
7 13 5
22 23 15
22 0 44
13 18 30
0 2 9
8 10 50
23 3 35
14 17 48
9 12 41
13 14 11
20 22 48
19 22 32
21 0 30
7 8 7
21 23 54
12 15 10
21 23 45
15 18 41
1 5 51
14 16 61
16 19 37
1 5 64
13 16 57
13 14 36
16 19 60
15 20 60
22 0 58
7 10 62
10 14 19
15 17 38
15 18 32
4 6 32
19 21 24
13 17 49
13 17 32
21 23 9
8 11 16
18 20 7
22 1 46
0 3 1
11 14 27
5 9 26
14 17 34
16 21 42
10 12 48
21 1 56
6 11 12
6 9 24
12 15 32
8 11 5
2 4 27
11 14 2
19 23 17
3 3 48
15 19 23
6 8 40
19 22 25
11 14 39
15 17 23
22 2 46
3 6 4
14 19 45
7 11 40
22 1 42
17 19 46
23 4 27
8 10 64
21 23 39
6 10 53
8 11 35
3 4 9
17 18 53
4 7 48
17 19 21
14 17 53
23 3 19
8 9 37
22 2 61
19 0 49
21 0 3
20 1 8
21 1 5
0 2 28
14 17 28
6 10 13
20 1 20
11 14 31
6 9 54
20 0 41
1 4 40
4 7 42
1 4 9
20 22 9
10 12 12
1 4 1
9 11 45
22 1 41
1 5 63
2 4 25
1 4 5
23 0 56
21 1 62
2 4 27
12 15 12
7 10 50
4 7 18
1 5 25
11 13 61
23 0 51
19 22 54
14 17 38
14 17 16
15 18 34
0 3 31
14 16 22
17 20 41
12 15 43
2 5 11
17 19 60
3 7 16
18 22 1
7 9 53
8 11 47
22 1 41
15 17 10
4 8 9
0 4 14
16 19 29
15 19 58
21 23 28
14 18 30
11 14 28
19 23 37
15 19 43
15 18 14
11 14 6
8 12 37
20 23 54
6 9 34
6 10 62
23 1 40
2 6 1
16 19 45
12 16 20
21 1 36
8 11 22
0 4 61
8 11 64
8 13 62
20 22 13
1 4 33
17 20 44
11 13 33
4 8 32
14 19 13
16 18 43
19 22 59
11 14 14
4 7 61
17 19 61
16 19 32
4 7 4
8 10 4
6 10 29
6 9 55
14 16 36
1 4 20
14 18 60
12 15 46
21 0 3
23 1 47
3 6 11
18 21 1
1 5 43
9 11 45
7 8 20
23 2 31
7 12 54
9 13 26
13 15 61
3 4 25
5 10 12
20 22 33
13 16 21
18 22 52
19 21 42
21 2 12
12 15 26
14 16 41
13 17 40
3 5 34
16 20 29
8 11 16
0 3 18
21 22 32
1 4 15
2 3 58
10 13 15
19 0 62
2 4 62
3 7 26
22 1 39
1 4 26
12 15 45
1 4 20
16 19 34
8 11 3
21 0 53
9 13 54
8 11 12
17 20 25
10 14 52
11 15 42
16 19 15
3 6 45
17 19 48
8 11 43
18 22 62
11 15 18
5 8 17
2 5 13
10 13 43
20 1 21
18 23 20
17 21 2
8 10 58
8 12 26
18 21 53
10 13 56
5 7 58
20 23 44
20 23 55
3 7 47
4 8 4
15 18 30
21 0 44
22 0 53
22 2 42
14 17 12
14 18 62
10 13 2
22 2 37
14 16 33
3 6 52
4 7 53
7 11 57
11 15 23
11 14 1
3 7 32
19 22 48
11 13 42
8 11 48
20 23 15
16 19 7
8 11 36
11 14 57
13 16 40
14 17 54
6 7 28
9 13 28
23 2 17
0 2 25
14 17 28
13 16 20
20 0 48
8 12 51
15 19 26
2 5 12
23 2 2
13 17 5
3 6 33
20 22 21
11 15 8
3 6 64
19 22 52
23 2 6
21 0 49
6 10 35
19 22 14
1 3 34
4 9 48
0 3 43
2 7 60
4 6 57
8 13 16
22 2 14
9 12 7
1 6 2
10 13 7
2 6 63
16 19 45
7 10 1
15 18 11
20 22 47
10 13 17
2 5 10
2 6 56
9 11 36
19 0 6
0 4 48
6 11 19
23 3 29
12 15 52
4 9 57
12 16 41
1 2 45
11 15 34
6 9 35
21 23 9
7 11 7
7 12 4
13 17 15
22 3 8
21 0 63
5 8 60
20 21 37
6 8 3
22 2 21
22 1 27
15 19 19
16 16 17
1 4 59
7 10 6
8 10 57
2 4 27
17 20 54
13 15 36
8 11 31
19 20 13
19 21 29
18 22 27
13 17 35
21 0 42
14 17 60
19 22 40
3 6 36
18 21 1
23 3 28
10 13 17
6 9 57
15 18 1
14 18 28
12 16 49
21 2 35
16 20 10
6 9 44
0 3 5
4 5 64
15 15 7
13 17 19
19 22 59
11 14 31
8 10 59
3 6 32
7 9 2
21 23 28
22 1 40
13 17 34
11 14 13
2 5 7
19 23 3
2 6 19
5 7 12
5 8 13
18 20 29
5 8 43
14 17 7
20 23 20
2 4 54
17 21 8
5 8 29
22 2 64
7 12 37
13 15 38
22 2 44
11 13 54
14 16 29
7 12 8
2 5 25
6 8 27
7 10 38
3 7 53
14 18 7
11 15 33
22 3 42
23 2 10
16 19 33
3 6 51
22 0 37
14 17 56
22 0 43
0 3 54
21 1 31
19 23 41
5 9 29
2 4 33
4 8 42
6 9 17
16 19 49
16 18 43
18 20 7
11 14 18
1 5 44
21 0 16
5 8 29
2 5 49
19 22 27
23 1 27
17 20 1
18 23 15
13 16 15
4 9 45
12 17 14
21 23 37
15 18 20
21 2 41
5 7 35
2 5 41
22 1 47
12 14 51
5 10 27
2 5 13
6 10 16
21 2 43
0 1 41
23 0 29
10 16 12
17 20 29
4 6 38
1 3 49
5 7 39
23 2 48
0 3 9
18 22 3
3 6 50
3 7 29
1 5 2
6 10 36
8 9 9
7 12 27
4 6 49
14 18 15
20 22 37
22 0 23
13 18 7
22 2 53
9 12 54
12 16 31
2 4 62
0 2 2
17 20 31
21 23 17
16 18 19
20 0 18
9 10 28
4 7 47
9 13 28
21 0 41
19 22 22
19 22 57
23 0 44
10 11 32
6 8 14
16 19 25
7 10 35
1 2 16
4 6 30
14 19 3
3 6 20
17 20 20
2 3 61
10 11 47
7 12 41
18 23 45
18 23 16
7 11 1
18 21 20
19 21 6
11 14 1
5 9 32
17 19 13
7 9 27
2 5 59
18 20 32
21 1 22
17 21 60
23 2 45
19 23 59
11 14 19
13 14 9
0 2 44
16 19 37
11 14 25
11 14 1
5 7 62
3 5 23
21 1 52
10 13 54
22 2 62
6 7 52
2 5 5
14 19 30
21 1 36
1 3 32
19 0 56
19 21 57
13 15 39
14 17 18
21 0 19
2 5 24
16 19 60
0 3 3
16 20 29
17 19 3
3 9 55
6 9 39
19 22 63
18 22 8
9 11 27
21 1 64
15 19 31
0 3 55
17 20 1
22 2 28
21 1 19
15 19 54
19 0 38
10 12 16
8 11 32
21 2 7
4 7 2
17 21 40
0 1 10
4 6 1
21 22 24
19 0 25
3 6 51
8 12 7
6 7 61
9 12 46
0 3 13
3 4 21
8 10 37
10 14 1
3 6 50
20 23 42
10 13 31
3 5 24
22 2 36
16 19 39
20 22 29
14 17 42
14 18 63
3 4 52
4 6 46
16 21 1
12 14 38
16 19 21
23 1 36
17 20 56
20 0 24
18 21 14
16 17 39
0 2 5
11 14 47
2 4 59
18 22 5
15 18 6
8 10 49
5 7 20
16 18 37
5 8 56
1 5 56
6 11 46
8 10 48
20 23 14
18 21 19
21 0 29
10 13 44
16 20 8
0 3 21
8 9 4
15 19 33
21 0 19
4 6 41
15 18 40
18 21 22
5 9 42
0 3 30
16 19 42
15 18 44
0 4 53
21 0 57
2 5 39
23 1 27
14 16 4
7 11 18
12 16 5
15 17 56
3 5 25
13 17 12
15 18 11
5 7 15
3 5 32
4 8 9
0 4 36
20 22 18
13 17 35
15 18 5
16 17 4
9 13 50
6 8 42
21 23 3
2 4 51
8 11 57
19 22 45
23 3 17
8 11 48
16 20 25
11 12 42
15 18 30
18 21 42
16 19 26
9 13 16
1 5 57
9 12 19
19 21 15
3 5 33
23 2 46
4 7 44
23 2 55
12 13 8
9 13 30
21 0 57
17 18 13
6 8 10
2 3 35
12 15 6
18 22 34
15 17 48
15 19 16
2 5 43
3 6 58
14 19 55
12 13 10
20 0 19
9 13 24
3 7 38
4 7 55
5 10 16
18 21 7
4 6 3
6 8 2
19 21 2
10 11 9
0 2 31
8 12 2
5 7 36
2 6 27
13 17 8
20 0 9
12 17 9
11 14 16
16 19 54
19 22 30
7 11 33
1 4 26
5 9 40
14 17 45
2 6 15
17 20 54
9 11 48
15 18 49
21 0 44
12 14 8
23 1 63
0 1 18
23 2 45
6 9 23
4 8 23
18 20 2
19 23 48
5 9 16
8 10 31
21 1 40
14 17 41
20 23 32
13 16 38
15 18 37
4 9 22
13 16 15
13 16 35
0 4 32
6 9 10
14 15 60
0 3 10
0 4 45
19 21 55
17 19 22
5 7 25
18 22 57
22 22 47
14 17 62
9 11 41
11 14 18
13 16 52
4 7 50
7 9 42
8 11 21
20 22 62
17 20 47
23 0 1
8 12 3
8 11 8
21 1 49
10 13 54
12 18 21
0 4 12
21 23 33
16 19 18
6 11 4
2 5 58
1 3 31
0 2 36
3 7 37
22 1 64
4 8 50
23 0 62
21 0 7
16 17 15
7 9 59
7 10 18
23 2 25
19 20 47
19 23 45
23 4 46
5 9 54
19 22 49
22 1 63
12 14 36
15 18 63
11 15 1
12 15 44
7 10 33
8 9 12
2 3 4
17 22 16
22 2 26
5 9 24
8 10 36
2 5 11
14 17 61
12 17 21
12 16 48
14 17 52
15 18 30
16 18 36
21 0 52
14 17 40
9 13 30
0 1 19
10 14 38
6 9 12
2 5 63
10 13 13
22 0 38
13 15 64
15 18 23
14 17 11
21 23 38
19 23 38
6 8 11
5 7 32
21 22 20
9 12 16
21 0 56
4 6 2
8 11 14
14 16 19
9 12 61
14 18 17
22 2 54
2 4 46
14 17 41
6 9 15
0 4 54
6 9 31
16 17 11
21 0 49
12 15 62
6 7 36
0 1 10
2 7 47
8 10 58
3 6 62
6 10 49
18 21 5
11 14 50
18 20 54
3 5 38
14 17 28
3 9 56
7 9 58
18 21 58
6 12 58
7 9 12
1 5 19
22 23 39
10 14 3
14 16 55
4 9 43
9 13 38
0 4 38
4 6 62
4 8 31
22 1 46
9 11 61
14 17 36
1 4 40
0 3 61
2 7 24
20 22 6
23 2 2
22 3 25
14 14 21
17 20 21
8 11 37
11 15 43
19 23 39
2 6 38
13 15 60
5 8 40
10 12 27
19 23 22
13 15 46
4 8 14
15 18 37
21 0 49
20 23 49
17 20 52
0 2 42
22 1 43
18 23 59
9 11 31
7 11 1
5 7 57
5 8 42
0 4 29
13 16 43
4 8 8
6 10 46
17 18 47
2 5 27
3 7 35
20 23 4
1 5 29
16 19 44
4 7 22
17 18 49
9 12 21
7 11 11
19 22 11
13 18 22
16 17 10
20 23 11
0 3 51
15 19 41
16 19 28
22 1 12
7 9 35
18 22 52
6 8 22
10 12 19
1 2 45
15 19 14
15 20 8
22 2 36
7 12 30
12 15 64
7 10 29
0 3 25
17 19 22
15 17 61
19 0 9
3 5 40
11 14 54
7 9 22
5 9 19
11 13 21
9 12 49
2 4 52
5 8 44
5 7 1
6 10 48
19 23 43
16 18 60
4 7 35
14 18 49
8 11 61
7 9 64
0 4 45
6 9 34
17 19 48
8 10 2
5 8 18
22 2 49
0 1 57
18 23 59
5 9 7
17 18 31
19 21 21
17 21 54
22 1 55
15 17 8
4 7 55
19 21 43
7 10 43
0 4 13
23 1 44
16 18 57
3 7 24
22 23 36
17 21 24
3 7 3
6 11 31
17 23 47
18 19 50
21 0 54
4 6 48
10 12 43
12 14 57
5 6 38
22 2 20
18 20 46
15 18 2
11 14 30
0 4 49
5 7 36
20 22 39
4 7 3
9 11 3
12 15 58
3 6 19
15 17 11
7 9 9
10 13 16
4 7 26
20 23 17
8 10 11
16 19 56
8 10 50
23 1 40
20 23 50
23 2 57
8 12 17
21 1 41
16 18 37
13 16 41
9 11 64
3 5 21
7 11 63
2 4 56
22 0 24
15 18 11
20 0 33
0 4 56
16 20 34
12 15 27
3 4 14
12 17 46
22 2 38
13 16 11
3 7 52
10 14 14
13 16 25
3 4 48
3 5 10
4 8 33
14 17 23
2 5 38
5 8 3
11 14 13
7 10 34
7 12 62
19 22 31
3 5 41
22 1 15
5 8 46
10 11 12
10 13 62
5 8 14
23 3 16
9 10 58
23 3 54
5 9 46
0 4 1
0 3 3
12 16 56
17 20 40
2 3 51
9 9 3
14 17 40
8 12 31
4 6 63
6 9 42
22 0 3
5 9 19
13 16 50
15 18 59
9 12 37
22 2 45
0 3 17
12 15 60
18 22 47
11 14 46
11 14 43
15 17 15
6 11 46
1 6 41
16 19 48
23 1 5
22 1 54
16 19 45
4 6 42
6 9 15
20 21 43
16 19 46
13 16 10
9 13 38
23 2 19
10 13 43
17 21 6
19 22 24
6 11 46
3 4 27
23 2 41
5 9 30
9 11 46
1 5 4
15 18 63
21 22 40
8 11 53
20 23 39
2 5 63
9 11 46
1 4 41
21 0 48
20 23 24
9 11 25
11 13 25
17 20 8
14 17 48
3 6 6
22 2 27
11 14 6
11 14 24
10 11 14
9 13 5
2 5 19
20 0 3
18 20 3
13 15 30
9 13 49
3 6 7
18 22 30
19 21 36
2 4 52
9 12 5
12 13 48
16 20 23
7 9 49
22 23 64
16 19 64
17 18 33
3 7 49
13 16 13
9 10 43
0 3 13
1 5 3
18 21 46
13 16 60
17 21 10
7 12 25
17 20 14
0 4 49
5 6 14
1 4 17
8 12 56
0 4 64
23 2 53
8 9 51
0 3 16
7 10 24
13 15 56
6 7 30
10 14 49
10 12 51
15 17 29
1 3 6
8 10 7
17 20 11
14 16 23
2 5 14
18 21 25
6 11 34
0 5 21
16 19 49
8 13 16
1 5 64
16 18 1
21 0 55
21 23 23
18 20 44
7 13 41
5 8 57
5 8 34
22 0 41
15 18 32
20 23 61
2 4 50
18 20 35
6 7 56
19 22 62
16 19 38
2 4 60
15 18 18
13 15 11
16 18 39
23 2 26
19 23 4
10 13 7
12 16 29
3 7 10
19 23 8
5 6 12
1 5 55
9 14 18
13 15 41
0 4 63
22 0 24
13 16 52
19 22 56
1 4 39
5 8 3
3 7 18
7 10 56
15 17 40
2 3 46
13 18 2
16 19 1
21 23 27
2 4 61
0 1 7
0 3 5
6 11 56
9 11 64
19 23 14
4 7 1
7 10 3
10 11 48
13 15 49
12 14 45
1 3 55
22 23 51
9 14 20
6 8 61
2 4 42
1 4 55
8 10 6
6 8 48
0 2 27
8 11 38
10 12 37
16 20 30
4 7 45
11 13 31
10 14 4
0 1 31
18 20 61
16 19 12
8 10 31
16 20 13
23 2 3
8 11 56
0 2 60
16 17 24
18 23 63
2 5 14
18 20 47
23 3 40
9 11 57
6 9 12
16 20 58
18 21 55
11 15 22
0 3 35
6 11 8
4 6 41
9 10 4
21 1 3
4 8 41
8 11 59
6 8 29
4 6 12
1 4 43
6 8 4
9 10 20
16 19 27
16 18 53
19 23 61
2 7 46
1 4 29
12 15 9
21 2 23
0 2 23
19 23 53
12 16 46
3 5 19
13 15 22
1 3 12
18 22 54
21 0 1
17 21 33
10 14 14
11 14 13
3 7 38
18 20 50
7 12 56
16 20 20
22 1 40
0 2 33
0 3 12
18 22 56
19 22 48
17 21 45
3 5 38
18 22 40
7 9 11
3 7 44
9 12 54
1 4 32
8 11 61
9 13 29
4 7 64
19 21 14
18 22 63
9 12 37
9 11 19
8 13 56
1 4 63
15 19 22
0 4 33
15 18 50
2 4 30
17 21 11
10 12 24
20 23 62
20 23 12
13 16 57
23 3 11
20 23 4
10 15 51
23 1 31
15 18 4
18 21 16
15 17 21
9 12 41
5 8 14
5 8 28
7 10 49
4 8 11
23 2 35
5 8 27
6 10 36
1 3 15
19 20 34
3 5 58
6 8 45
0 2 60
23 2 23
3 6 27
3 6 9
19 23 48
12 16 3
22 0 52
3 6 44
19 23 39
14 19 64
0 3 9
14 18 18
12 15 23
1 5 61
10 15 57
5 8 18
1 3 26
12 13 45
11 13 60
22 1 14
3 4 35
22 2 15
8 9 26
18 19 52
11 13 35
8 10 17
5 7 56
18 22 41
13 16 30
23 4 17
4 6 24
14 17 25
17 21 34
15 19 63
11 15 63
0 4 12
7 11 21
16 17 51
6 9 3
18 21 31
14 17 60
19 22 14
4 7 16
18 22 6
16 18 56
1 5 47
1 5 12
9 13 34
0 2 5
1 6 58
13 15 31
15 19 16
5 10 60
4 7 17
16 21 56
3 5 63
13 17 55
15 18 31
13 15 27
13 17 34
3 6 6
0 4 8
19 22 21
17 19 8
19 23 20
21 23 10
18 21 10
0 2 50
21 23 34
4 5 15
19 23 55
17 21 50
23 2 20
22 2 6
19 23 14
14 16 17
6 9 43
18 20 41
0 3 13
1 2 64
1 3 25
5 7 51
17 22 26
13 17 14
18 21 27
5 9 9
23 2 13
6 10 60
22 0 25
5 8 19
10 13 58
0 4 30
10 12 30
8 12 9
9 12 17
14 17 21
21 0 2
2 5 11
4 7 21
19 21 54
7 10 13
10 13 28
5 6 29
9 12 38
20 23 5
0 2 53
13 16 18
22 2 44
19 21 49
18 22 13
14 18 43
2 6 49
17 20 42
22 0 42
5 9 44
20 23 53
3 5 24
17 20 14
9 13 53
2 5 35
21 0 47
15 18 29
15 16 6
5 9 17
18 21 28
20 23 54
5 8 1
16 19 8
23 2 55
3 6 9
12 16 46
9 11 18
20 23 31
7 9 17
15 18 45
5 9 21
7 11 54
7 11 31
10 15 7
3 4 17
2 4 51
12 14 13
0 3 25
14 17 48
9 12 29
9 12 28
2 6 16
12 16 14
1 6 13
22 2 24
5 9 46
23 4 3
2 5 42
5 8 43
20 23 61
11 14 31
8 10 51
0 4 21
8 9 57
16 19 32
21 0 8
17 21 21
10 15 7
12 15 50
14 18 38
9 13 25
21 23 63
12 16 59
23 1 50
18 18 25
13 18 13
21 0 24
17 20 51
17 19 58
2 5 7
7 8 3
2 5 22
17 20 2
14 16 25
14 16 23
22 23 23
7 11 28
0 2 37
3 3 20
23 2 33
20 0 37
1 4 62
17 20 36
9 11 53
1 3 6
5 7 1
17 21 45
21 23 35
0 2 7
10 14 42
8 11 46
4 8 38
4 8 13
9 12 38
7 10 60
3 6 35
18 21 3
13 15 19
15 19 1
9 12 38
3 8 56
1 4 52
12 14 23
12 14 19
23 2 13
17 21 19
18 23 18
7 9 52
2 3 2
19 21 61
15 17 55
4 7 61
23 2 28
6 10 19
14 18 5
14 17 10
2 5 38
14 17 14
17 19 33
10 12 41
17 20 59
13 17 10
15 16 43
7 11 50
12 13 58
10 14 22
1 4 44
10 12 21
11 15 2
6 10 39
17 20 19
5 8 40
20 0 7
13 16 63
3 5 38
0 3 44
13 17 7
10 12 27
23 3 50
18 20 19
21 0 37
11 15 15
12 14 58
7 10 53
9 13 64
0 2 52
7 12 3
18 19 20
11 14 5
23 1 11
10 16 63
6 10 8
2 6 6
16 20 54
13 17 33
22 1 26
22 2 27
5 7 59
0 4 23
21 0 55
2 4 10
9 10 46
19 21 9
2 4 49
0 2 54
16 19 2
3 6 49
8 11 29
22 1 17
11 16 6
17 19 52
16 18 37
2 5 58
7 10 16
16 20 11
11 14 11
10 13 19
18 22 7
5 7 57
12 16 61
21 22 18
13 16 18
13 18 60
4 9 61
10 13 54
1 4 62
21 0 42
22 23 29
14 16 36
17 22 62
6 7 11
12 13 57
10 11 45
3 6 33
2 3 31
11 15 39
18 19 6
20 20 22
1 4 49
12 13 1
3 5 42
5 8 11
11 13 42
17 19 49
11 15 56
23 2 53
20 0 39
6 8 48
9 13 38
13 17 59
8 11 42
17 18 2
11 15 38
18 22 41
16 20 22
8 11 63
19 23 19
13 16 63
13 17 57
21 23 13
0 2 3
1 4 34
21 0 52
2 4 32
17 21 60
7 12 49
23 2 34
19 23 10
7 10 47
4 9 46
0 3 21
23 2 37
0 3 63
0 2 32
3 7 50
17 21 54
13 15 22
12 14 5
7 9 33
17 18 59
6 9 18
20 23 9
20 21 23
19 23 27
12 13 5
10 11 5
15 19 32
3 5 20
2 5 45
1 4 50
9 13 31
2 5 45
22 1 16
18 20 24
13 15 22
2 7 44
3 6 6
7 10 2
10 12 54
19 23 15
16 20 61
21 23 3
18 22 17
3 6 42
6 8 54
16 20 42
0 2 49
22 1 45
22 2 63
17 21 31
20 22 30
19 23 38
13 16 44
10 15 39
10 12 47
2 6 27
3 5 23
6 9 52
17 20 6
21 23 63
1 4 54
0 3 26
15 18 51
13 16 42
8 9 32
13 17 63
23 0 12
7 8 27
12 13 14
22 1 18
10 12 59
18 20 37
5 8 42
9 14 20
9 12 20
23 0 5
5 10 7
8 11 14
5 8 37
0 1 5
8 11 10
14 16 58
17 21 54
23 2 9
14 18 36
16 19 7
21 0 44
1 4 32
13 15 11
22 1 27
21 23 61
14 17 3
18 22 15
11 15 53
2 3 10
4 6 56
0 2 28
5 7 28
20 22 53
7 9 25
9 12 52
3 6 25
22 2 19
21 0 28
2 6 62
14 18 64
21 21 38
13 13 63
17 19 8
17 20 28
15 18 56
8 10 6
14 19 31
22 3 58
21 0 3
8 13 45
2 5 21
12 15 3
0 3 55
18 21 49
21 0 43
12 13 58
2 5 59
19 23 50
7 9 62
0 3 50
9 9 18
9 12 25
20 23 58
18 20 24
19 21 39
15 18 20
20 23 63
0 4 8
16 19 42
4 7 39
9 12 7
16 19 33
21 0 9
15 17 28
14 18 21
14 16 15
17 19 34
7 8 53
3 7 15
4 7 53
11 13 39
10 13 50
22 22 31
4 8 18
9 13 6
19 22 22
14 17 22
21 23 11
2 6 16
0 3 12
16 18 29
3 8 44
20 0 57
17 19 30
0 3 9
12 16 31
6 8 1
3 7 52
0 2 53
3 7 49
23 1 22
3 4 29
21 0 47
10 13 9
22 3 24
6 10 6
13 17 39
10 15 45
23 2 4
4 7 25
1 4 2
2 5 10
7 11 25
20 21 62
23 2 13
18 20 24
1 4 16
12 14 38
20 23 55
3 5 44
15 16 15
8 11 49
0 4 3
15 18 61
4 5 62
12 15 7
23 1 61
16 18 49
13 17 46
18 20 64
21 0 54
15 19 42
9 11 58
3 6 58
8 11 18
22 1 24
11 16 24
4 7 40
2 5 8
2 4 39
10 13 9
8 10 61
11 13 64
2 6 38
18 23 37
14 19 9
4 8 27
23 4 62
14 17 54
7 9 16
5 7 39
5 7 6
13 13 27
2 4 53
0 1 56
7 9 21
14 17 1
11 14 56
7 9 12
23 3 32
21 23 58
22 0 11
2 5 55
23 2 11
3 6 42
13 16 18
23 2 50
10 13 30
2 5 12
12 16 52
0 4 10
23 1 31
17 20 7
10 14 46
5 9 52
14 18 42
12 14 48
6 9 7
2 5 45
5 10 29
6 8 47
9 13 59
0 3 21
13 16 30
7 11 32
6 8 11
14 17 15
5 8 35
4 8 49
19 22 63
21 23 43
7 10 4
19 21 1
0 2 60
17 20 48
12 14 6
21 0 45
23 3 47
9 11 49
10 11 58
14 17 62
4 6 11
19 22 55
22 3 50
8 11 54
16 18 3
3 7 58
3 6 21
21 0 47
15 17 14
10 14 22
15 19 46
1 3 24
2 6 8
11 13 32
2 4 27
23 0 2
23 3 11
13 15 53
11 14 15
5 6 54
16 19 62
3 6 20
0 4 12
7 10 14
8 12 32
10 14 41
2 5 27
6 7 13
9 12 25
10 13 16
13 16 30
0 3 32
0 5 18
14 17 6
11 13 5
0 2 52
3 5 46
7 10 15
11 14 31
7 11 4
11 13 7
3 5 27
9 13 18
12 15 23
3 6 21
16 20 24
6 8 48
13 16 58
12 15 36
9 11 56
16 18 32
22 0 33
21 1 40
4 7 34
7 10 45
8 11 38
9 12 19
16 19 43
13 16 13
9 13 33
2 5 62
11 15 13
5 9 10
6 10 63
5 9 56
1 5 54
0 3 16
17 21 45
15 17 29
23 3 54
4 6 59
17 18 24
2 4 52
6 6 19
16 19 3
5 8 62
7 9 28
8 11 51
9 13 55
10 12 41
8 11 8
9 14 61
16 21 29
21 23 46
23 1 24
15 18 31
23 2 53
20 21 58
12 18 57
8 12 42
19 23 21
11 13 59
8 11 19
6 8 50
23 3 20
20 22 30
5 9 50
15 17 46
2 5 34
21 23 54
13 17 29
7 11 22
7 10 24
4 8 18
5 7 25
0 2 25
9 13 41
0 4 4
8 11 43
5 10 25
5 8 34
7 11 59
0 3 38
18 20 56
15 19 47
1 4 2
8 11 32
3 5 12
14 15 3
5 7 60
21 1 54
7 10 29
2 5 53
18 21 2
17 21 60
15 19 48
17 21 63
6 9 24
9 12 17
15 19 9
13 14 45
8 13 23
23 2 44
19 21 8
20 1 53
12 13 37
8 11 15
11 13 23
3 6 14
6 6 50
10 12 6
9 12 51
9 13 4
21 0 33
3 6 43
22 0 4
7 9 29
1 2 7
21 0 8
7 10 15
4 7 39
16 17 14
21 0 27
10 13 22
2 4 34
18 21 9
9 12 62
6 8 20
19 22 1
20 22 24
9 12 7
0 4 15
8 12 36
13 17 1
23 1 9
15 17 33
13 14 45
6 9 43
4 6 35
23 2 35
4 7 20
12 14 19
1 3 34
7 11 57
15 18 57
7 7 1
1 5 37
3 7 35
0 1 29
8 10 43
12 16 7
11 14 21
22 2 58
6 10 53
11 15 36
0 3 5
1 5 24
12 16 28
2 5 28
20 23 7
1 3 12
6 11 29
20 23 3
23 3 30
0 3 29
0 4 44
3 6 34
20 0 33
6 8 2
7 10 41
1 4 8
10 10 22
23 2 9
3 6 39
17 22 41
16 19 63
17 19 31
12 15 8
23 1 5
23 1 41
22 1 54
19 21 8
7 10 1
15 17 15
22 0 30
17 20 48
18 20 19
1 5 21
5 8 27
22 2 51
13 15 4
22 0 42
1 6 21
20 0 32
8 9 18
18 22 18
14 17 32
12 15 2
19 23 22
2 5 41
10 14 64
3 8 33
7 10 17
22 1 55
11 15 55
11 14 31
11 12 24
23 3 20
3 7 57
8 10 39
6 7 31
20 23 18
5 8 26
5 7 59
9 12 5
3 7 5
18 21 19
13 15 34
7 11 53
1 3 34
11 15 31
2 6 6
2 5 29
2 5 2
7 11 30
9 12 7
21 0 46
23 1 45
22 1 61
7 10 11
20 22 3
9 13 49
5 8 32
4 6 64
