100 32
7 9 17 10 29 7 32 26 1 19 27 2 11 20 32 3 27 27 22 31 6 20 22 9 12 25 27 3 2 9 25 23 
23 1 22
0 3 31
13 14 19
14 16 14
6 7 16
7 8 17
14 19 17
10 13 28
15 17 10
6 9 4
17 22 22
2 6 32
19 23 27
0 6 16
13 17 32
19 22 14
22 0 7
7 11 4
20 0 19
21 23 31
1 4 22
19 21 15
11 16 31
1 4 15
5 9 12
21 2 14
20 22 32
15 18 5
13 17 14
14 16 12
23 2 24
0 3 28
6 9 17
14 17 13
9 11 24
0 3 29
9 11 10
16 19 12
12 15 20
6 10 26
11 12 25
15 18 4
15 19 9
19 21 13
0 3 4
8 12 5
12 15 9
1 5 11
2 4 20
23 0 7
15 18 17
7 11 5
5 9 20
21 23 10
8 9 8
14 18 21
5 9 1
0 3 18
8 11 31
20 23 13
22 2 5
4 7 1
14 19 8
18 20 29
10 14 32
4 8 24
0 2 9
9 13 26
0 3 7
10 14 27
16 20 30
14 17 27
17 20 28
18 21 24
3 7 17
17 20 9
10 14 20
15 19 7
1 4 24
1 4 19
3 6 5
12 16 31
23 3 12
8 12 15
13 16 9
17 21 27
23 2 12
17 21 22
7 10 24
17 18 10
3 6 7
13 15 5
14 18 12
20 22 18
6 9 10
3 6 4
5 9 11
3 5 22
5 9 7
11 15 15
