1000 8
5 2 5 8 1 5 3 1 
12 15 2
23 1 1
12 14 5
17 20 7
14 17 8
19 22 6
12 14 2
20 23 1
1 3 3
22 2 6
9 11 1
19 22 3
7 9 3
21 1 7
23 1 1
9 12 5
2 4 2
12 15 3
18 18 4
12 13 8
15 18 8
20 23 5
3 6 3
3 5 8
16 20 3
21 0 6
21 0 5
19 0 7
13 16 5
23 23 3
10 13 6
1 4 6
15 17 2
18 20 8
13 17 2
21 23 3
21 22 5
20 0 7
14 18 6
15 18 6
9 13 1
17 19 7
6 8 2
4 9 5
13 14 2
10 12 1
15 19 2
20 23 3
14 16 3
22 0 8
23 0 4
9 13 3
12 16 2
18 21 6
6 11 3
19 22 8
19 21 8
10 13 6
18 21 8
0 3 2
0 3 4
10 13 8
12 16 7
22 1 8
6 11 1
12 14 1
2 7 2
4 7 3
3 7 7
1 5 5
7 11 4
3 7 7
14 16 7
23 0 4
16 20 6
19 21 4
20 21 3
0 4 6
18 20 7
6 11 7
23 1 5
0 4 3
15 18 7
21 1 5
18 20 8
12 14 1
9 11 3
20 0 6
22 0 6
13 15 5
6 10 8
22 0 1
8 12 6
1 4 2
21 23 6
22 23 6
5 8 1
4 6 3
21 0 1
9 11 6
5 9 7
22 0 2
5 8 3
17 18 6
19 22 5
11 15 6
2 6 8
6 10 1
4 8 5
20 0 4
17 19 3
16 19 3
2 7 5
15 17 5
8 11 7
2 4 5
11 13 5
16 21 5
15 19 4
17 21 7
14 16 7
8 9 5
5 7 6
2 4 6
9 13 2
15 18 8
0 4 4
0 3 6
9 11 1
10 12 7
5 8 7
13 16 3
7 11 6
14 17 5
3 6 4
18 22 8
20 22 6
6 9 7
20 22 5
2 4 1
15 19 8
16 19 7
12 15 3
20 1 2
14 17 1
1 3 2
0 3 4
14 17 5
14 16 6
20 22 4
10 16 5
23 1 7
8 12 7
2 5 1
21 0 8
17 20 6
21 0 5
5 10 3
3 5 7
1 5 3
5 9 5
21 0 5
0 2 1
3 5 8
4 8 2
0 4 4
0 3 2
10 13 6
17 20 8
12 15 3
21 22 7
10 14 3
9 11 6
15 18 4
9 12 2
12 15 2
0 4 1
6 9 5
21 0 7
22 1 1
13 17 3
23 1 2
23 4 7
20 0 5
17 20 4
6 9 7
21 1 3
20 22 5
22 1 8
1 5 4
20 0 4
23 4 3
22 0 6
22 3 4
18 21 3
8 11 2
23 0 7
7 9 8
3 6 2
20 0 6
22 3 4
2 6 2
19 22 5
8 11 2
17 20 5
9 11 3
3 4 5
11 13 8
20 23 5
6 9 8
19 22 7
11 12 4
10 12 7
14 17 5
0 4 2
2 4 7
14 17 6
0 4 8
2 5 3
14 17 2
14 18 6
0 3 5
5 8 1
13 16 3
4 7 6
14 17 1
17 21 3
11 13 2
9 10 4
21 0 8
7 9 4
3 7 6
3 6 3
17 21 8
0 3 7
2 4 1
23 1 4
17 20 1
17 19 1
21 22 6
6 9 7
8 12 4
11 16 5
2 6 6
1 5 1
12 14 4
9 11 7
22 1 6
8 11 6
17 20 1
19 22 3
2 5 7
3 6 4
9 14 6
21 1 6
16 19 7
4 7 6
18 22 7
13 17 1
21 2 3
14 16 3
23 2 2
11 14 1
17 20 6
14 17 5
3 5 6
22 0 4
6 10 6
21 23 1
13 17 1
8 10 1
10 13 8
16 21 7
19 23 6
22 2 8
10 13 1
11 15 1
7 10 6
21 1 3
12 14 1
14 19 5
22 0 1
13 14 3
21 0 6
12 16 8
22 2 3
21 22 7
15 17 8
9 11 5
14 18 7
3 4 6
20 0 2
8 10 7
6 9 7
13 18 7
17 21 1
17 21 3
1 3 8
14 16 3
21 1 2
9 12 6
13 17 2
2 6 7
12 15 6
15 18 3
21 0 6
1 5 8
6 7 8
2 4 6
4 7 2
17 20 8
4 7 5
22 1 5
11 14 8
18 20 6
0 3 4
6 8 7
11 13 2
17 20 1
2 3 5
19 0 1
6 9 6
19 21 2
18 22 2
21 0 7
8 11 6
7 11 7
11 15 8
18 20 1
1 5 6
6 9 3
17 20 2
15 20 8
0 3 4
9 11 3
23 1 8
8 13 3
22 0 6
17 20 1
13 18 3
5 7 1
6 10 1
16 20 2
23 0 7
4 9 3
22 0 5
3 5 6
19 22 4
3 7 6
9 12 8
9 10 6
6 10 5
11 14 5
21 22 3
22 2 4
5 8 1
11 15 8
14 16 7
20 23 3
3 6 4
21 1 3
2 7 8
18 21 4
19 23 4
1 3 7
11 15 4
6 9 3
11 14 8
22 0 8
15 19 6
3 8 4
17 21 4
23 2 7
3 7 4
2 4 5
15 18 3
14 18 6
22 3 6
13 17 2
22 0 1
1 4 1
7 11 2
16 20 5
2 7 4
9 12 6
7 8 1
23 2 3
5 8 3
11 14 2
4 8 8
5 8 5
11 15 6
4 8 8
22 2 7
7 10 5
11 13 3
8 10 2
5 9 5
23 3 5
15 18 1
5 7 2
15 18 8
19 23 1
15 17 6
6 9 3
16 19 8
22 2 7
8 13 1
2 6 5
9 11 2
2 6 1
21 0 1
17 18 3
10 14 1
4 8 1
11 14 1
5 8 2
23 1 8
18 22 5
4 7 6
3 6 7
8 11 1
6 9 5
5 7 4
4 7 2
10 11 1
17 18 1
8 11 8
19 23 7
17 20 3
22 1 1
11 13 5
8 9 5
17 20 6
11 11 2
2 4 3
17 21 3
9 13 1
18 20 7
20 0 7
20 0 4
2 5 8
13 18 8
5 8 6
1 5 1
1 5 7
6 7 4
18 21 4
5 7 7
8 10 2
23 1 2
23 2 2
12 17 1
17 19 7
7 9 4
6 8 1
6 9 3
22 3 5
7 10 3
21 23 6
18 21 5
11 15 4
14 18 2
6 9 1
9 11 2
17 19 7
9 12 7
13 16 5
23 4 6
4 7 2
6 10 5
4 7 7
7 10 1
10 13 1
13 16 3
15 16 8
14 19 7
6 7 2
18 20 1
15 18 3
7 10 2
10 12 7
9 13 8
14 17 7
18 22 5
15 18 3
9 10 2
9 12 7
11 14 5
15 18 6
22 0 5
12 16 7
0 2 8
16 18 8
14 18 6
16 19 2
22 1 1
12 16 4
10 13 8
3 6 6
19 23 3
16 18 5
13 16 3
10 14 1
15 18 8
8 11 4
23 1 1
21 23 2
20 23 7
23 1 7
22 1 5
5 7 6
13 16 8
14 18 3
18 21 4
6 9 8
22 2 4
0 3 3
4 7 3
6 8 2
6 9 2
12 15 5
0 4 4
16 18 4
21 1 2
19 23 6
14 17 7
2 4 6
4 7 6
20 22 8
2 3 2
14 18 5
19 22 4
22 1 2
5 7 4
11 12 4
23 2 3
20 22 4
15 17 5
21 1 3
9 13 6
11 14 3
11 15 5
20 23 8
0 3 8
1 4 5
8 11 2
21 0 5
1 5 3
0 4 6
0 4 2
18 20 4
18 21 6
15 19 1
23 2 4
15 17 8
19 22 7
21 23 3
6 10 3
10 13 7
11 15 4
21 1 8
17 19 8
20 22 2
20 23 6
14 18 1
10 13 2
6 8 4
16 19 6
19 21 2
4 7 7
2 4 6
23 1 7
3 6 7
15 17 7
4 8 1
11 14 3
2 5 2
11 14 6
11 13 1
8 12 7
11 14 3
3 7 2
1 6 1
22 23 1
17 18 6
9 12 5
16 21 2
18 19 4
5 8 4
16 19 3
12 15 7
2 4 2
0 2 5
9 13 1
0 3 1
4 9 8
9 12 7
6 10 2
19 21 5
13 15 8
9 11 6
4 6 4
16 21 7
15 17 5
3 7 8
15 17 4
10 13 2
21 0 2
11 15 4
5 8 4
18 22 5
22 0 2
18 20 1
4 7 2
5 8 5
18 21 3
1 5 7
2 5 8
9 11 1
0 3 3
5 7 6
3 7 6
10 13 3
14 17 2
19 22 4
2 5 6
9 11 6
4 7 5
11 13 7
13 16 8
1 4 1
17 18 2
15 18 1
8 12 3
21 0 6
16 19 6
11 14 8
21 0 2
0 3 8
21 1 7
2 5 8
17 20 5
13 16 1
19 23 7
18 20 7
5 7 8
18 20 5
16 19 7
16 18 1
18 22 8
19 22 5
22 3 2
17 20 5
3 5 5
12 17 1
1 3 3
7 9 6
21 0 5
9 12 2
22 0 1
4 8 6
16 19 7
17 19 7
17 20 4
15 20 5
12 18 5
8 10 7
17 21 4
0 2 7
8 9 7
14 17 2
6 9 3
14 17 4
16 21 6
9 11 2
19 22 7
12 16 6
1 5 5
9 13 1
15 16 5
18 20 5
3 6 2
21 1 4
13 16 7
14 17 1
15 17 8
22 2 5
20 22 1
8 12 5
8 11 6
3 6 8
7 11 6
15 20 3
2 4 5
3 6 5
2 6 2
5 7 2
11 15 5
22 1 1
22 1 3
7 10 2
3 6 6
10 13 1
17 20 7
4 7 1
10 13 2
8 10 6
20 0 1
22 1 7
10 15 8
20 23 4
7 10 2
11 12 3
14 17 4
16 18 4
12 13 6
5 6 8
22 2 7
21 1 4
20 0 4
15 18 4
6 10 2
7 11 7
13 15 6
21 23 5
16 18 2
23 4 7
11 14 5
9 13 3
0 2 1
9 12 2
2 5 1
8 9 7
8 11 7
11 16 5
3 6 3
22 1 6
21 23 8
21 21 2
3 5 4
17 21 8
4 8 7
2 5 2
7 9 7
1 4 7
1 5 8
19 21 1
22 4 3
6 7 7
3 6 2
10 12 1
16 18 4
16 17 1
20 22 6
2 4 1
3 6 4
7 11 1
11 13 3
10 15 4
15 19 7
20 23 6
15 17 5
5 8 4
22 0 3
16 19 1
9 11 3
6 9 7
16 19 4
20 20 3
1 6 2
17 21 5
17 23 8
17 19 3
17 20 2
1 5 8
1 3 8
4 6 5
22 2 7
13 15 4
17 18 5
20 22 2
6 9 7
2 5 1
22 3 4
7 10 1
22 1 7
4 7 4
12 16 7
11 12 2
13 17 3
23 2 7
10 13 2
13 15 6
8 10 5
13 17 1
6 8 5
15 17 6
17 19 5
20 0 8
23 2 4
22 1 7
14 16 6
18 20 5
13 15 6
6 10 6
15 18 8
15 18 7
12 14 3
4 7 4
4 5 5
0 4 6
10 14 5
10 13 2
12 15 4
5 8 4
3 6 7
12 16 2
14 18 3
20 1 4
20 0 6
9 11 2
6 8 6
8 11 1
18 21 1
2 5 1
5 9 4
4 7 8
5 8 2
1 4 1
8 11 3
1 5 5
6 9 5
2 6 1
23 2 5
4 8 5
0 2 3
23 3 7
12 15 1
7 10 6
17 21 7
1 3 3
4 7 3
2 6 8
5 8 1
8 10 5
10 13 3
5 7 3
1 3 5
22 0 1
17 22 2
4 5 3
5 8 2
5 10 1
10 13 7
4 6 2
7 10 4
6 8 2
22 2 8
1 4 2
6 11 4
10 12 7
21 3 5
21 0 3
15 20 4
2 5 7
6 9 1
10 12 1
22 2 4
6 8 5
16 19 7
17 19 4
9 11 2
19 23 2
20 23 3
1 4 3
7 10 2
5 6 1
19 22 2
3 5 5
6 8 2
12 15 3
2 4 3
8 10 2
22 2 3
9 12 7
17 20 7
1 4 7
1 5 1
19 22 3
23 1 6
11 15 8
8 11 1
9 14 3
2 4 6
21 0 5
11 14 4
8 12 1
0 5 3
18 21 1
7 12 8
0 1 1
17 20 5
19 23 6
17 20 1
22 1 2
18 20 4
15 19 6
18 19 1
8 9 8
13 18 8
8 11 7
13 18 1
21 0 6
15 17 8
20 2 1
9 11 6
10 12 3
16 18 7
15 19 2
3 7 1
0 3 4
19 23 4
7 11 4
8 12 6
22 2 8
12 14 3
21 0 8
1 4 5
13 16 4
3 5 1
0 2 5
7 8 1
19 22 4
1 5 7
16 17 4
8 11 3
23 1 3
6 10 8
15 18 5
1 2 4
11 15 3
20 23 5
4 7 3
21 23 4
8 11 1
13 16 3
22 2 5
10 15 1
0 1 1
22 3 1
23 3 6
15 18 1
16 19 8
4 9 3
11 14 4
12 16 4
17 21 1
7 9 8
23 1 6
8 12 2
19 20 2
15 19 2
2 6 3
14 18 5
22 0 4
9 11 6
6 10 3
8 10 7
23 2 4
14 17 5
4 6 3
20 23 1
4 7 7
6 10 7
6 8 2
19 23 2
20 0 1
21 2 8
14 17 8
22 0 6
17 20 8
11 14 8
0 0 4
1 3 7
2 5 5
7 11 3
14 16 5
2 5 7
5 8 1
0 2 8
10 15 8
1 2 3
12 15 4
14 17 1
8 14 3
4 6 5
11 13 8
16 19 1
12 14 8
