100 16
12 3 12 16 4 13 14 3 12 9 11 16 5 5 2 14 
3 7 9
7 10 7
21 0 11
6 10 11
2 7 11
21 1 16
5 9 11
1 5 13
15 19 4
12 15 15
7 10 10
23 3 2
5 10 10
10 13 6
10 13 10
12 15 16
16 19 2
18 21 10
2 6 16
22 1 12
0 5 6
23 3 16
13 16 8
3 5 8
7 9 7
22 2 4
5 6 10
18 23 14
1 3 1
9 12 6
15 19 5
8 12 15
13 15 14
5 9 11
1 3 15
6 7 5
0 3 5
2 5 12
1 4 9
20 23 7
7 10 12
13 16 7
11 15 4
8 11 15
6 8 1
16 21 4
11 14 15
18 21 12
0 3 16
2 5 4
18 21 15
11 14 10
0 3 2
6 11 2
5 8 14
10 14 2
12 17 10
12 15 16
5 9 11
3 7 9
0 3 1
16 18 5
16 18 14
6 10 4
20 22 12
16 17 4
0 2 7
0 2 15
8 10 9
3 7 9
1 4 4
10 14 5
16 19 3
18 20 6
14 16 11
9 13 6
17 19 16
3 6 12
12 15 1
3 6 1
13 16 3
20 23 3
7 10 6
3 6 7
16 18 11
9 13 9
19 21 3
8 11 4
5 9 12
4 8 2
9 10 15
20 23 8
1 2 4
19 23 12
17 18 14
14 17 15
18 21 14
23 1 14
6 9 6
14 18 15
