100 4
2 1 4 2 
14 17 4
10 13 3
17 21 4
11 13 2
2 5 4
22 2 4
16 19 2
11 15 3
22 1 2
6 9 4
17 20 3
22 1 3
13 15 3
9 13 1
10 12 1
2 5 4
3 7 2
21 2 4
7 9 4
9 12 4
12 13 1
21 0 3
23 4 1
0 4 4
9 13 3
6 7 2
17 21 2
2 6 1
20 0 3
8 12 1
12 14 4
13 18 1
8 10 1
23 3 2
8 11 1
15 18 1
8 11 3
19 22 4
7 9 2
12 15 3
21 0 1
4 6 2
11 15 4
5 8 3
7 10 3
4 8 3
4 6 1
2 5 3
23 1 1
8 11 2
18 21 1
6 8 4
12 16 2
20 22 4
9 12 4
23 4 2
3 5 1
13 16 4
9 13 2
5 8 2
10 13 2
13 16 2
16 19 2
20 23 2
6 8 2
1 5 1
23 4 2
22 1 3
8 12 2
9 12 2
11 14 4
9 12 3
18 22 4
12 15 4
19 22 2
4 7 4
13 17 4
17 18 3
17 20 4
16 19 4
18 20 1
13 18 2
3 7 4
16 20 3
13 16 3
5 10 3
19 23 1
4 7 1
8 9 2
21 0 2
10 13 2
12 17 1
0 2 3
14 16 2
14 16 2
21 23 2
13 16 1
13 16 3
8 11 1
0 3 1
