1000 16
10 15 1 6 11 3 1 3 16 1 7 1 2 13 16 12 
15 18 12
13 16 6
23 2 2
4 7 6
5 6 4
19 21 7
10 14 15
9 11 9
10 12 10
13 15 12
16 21 3
22 0 2
18 23 8
14 16 13
0 2 7
2 4 2
18 21 2
0 3 8
21 0 12
23 2 8
7 11 11
12 16 13
10 13 13
3 5 8
4 8 15
19 21 14
21 23 5
0 3 3
18 22 8
4 7 2
19 23 9
21 2 5
0 3 8
3 7 4
18 21 10
13 17 14
19 0 14
19 21 9
8 12 5
6 10 11
15 20 3
19 22 11
9 11 2
9 9 2
9 12 7
6 8 9
2 6 1
4 5 12
6 9 4
21 0 4
5 8 9
17 20 2
10 13 14
21 0 3
8 12 14
2 5 9
8 11 8
0 2 16
4 7 11
23 2 12
9 10 9
5 9 4
19 22 11
16 19 2
23 0 4
2 5 6
15 16 2
12 15 1
22 0 5
17 20 16
10 13 6
14 16 8
13 14 14
23 3 9
0 2 9
6 10 14
19 23 4
22 1 11
1 4 6
7 11 11
8 10 16
15 18 6
9 11 13
11 14 5
2 5 9
9 13 10
21 0 10
10 12 4
4 7 9
3 6 12
4 8 11
8 9 3
6 8 16
14 17 5
1 4 13
19 22 5
8 11 8
22 0 8
12 18 5
13 17 13
6 9 16
19 22 6
21 23 6
8 12 11
11 13 11
6 10 1
8 12 7
16 18 13
1 3 15
3 6 14
8 11 14
9 12 4
7 11 9
10 13 11
11 15 4
8 12 7
5 8 10
12 15 14
4 7 13
5 7 16
11 12 8
6 11 4
13 17 8
22 0 7
19 22 5
5 10 1
17 21 6
17 22 8
21 0 7
16 18 15
9 11 15
4 4 5
15 19 4
23 2 5
22 0 10
2 3 14
14 18 13
0 3 7
19 19 7
20 0 3
3 6 12
4 7 1
23 2 7
15 19 13
12 17 5
18 21 11
4 7 4
23 1 9
0 3 2
23 1 10
3 7 8
12 15 9
1 3 10
15 18 3
17 18 6
0 5 9
17 19 5
5 7 14
7 11 15
4 9 10
6 9 8
23 1 13
15 17 12
21 0 2
9 12 7
11 14 16
23 2 11
15 17 3
17 20 15
1 4 7
11 14 14
14 17 1
8 10 6
3 7 3
14 16 10
2 7 7
17 19 16
11 12 2
12 15 4
0 2 3
4 8 14
4 6 14
22 0 14
11 13 5
16 19 11
8 10 12
13 17 12
22 2 2
2 5 15
7 11 12
8 10 7
14 16 1
13 16 15
12 14 1
2 6 7
12 14 9
23 2 16
15 19 7
17 19 8
11 14 10
11 14 15
19 20 8
15 19 10
3 6 2
4 7 15
17 19 16
19 21 13
17 20 15
1 6 14
5 7 4
21 0 12
8 11 9
15 19 1
13 15 5
13 15 7
6 10 14
6 9 15
0 4 9
17 21 1
0 3 12
0 3 12
1 4 10
21 0 6
5 8 8
23 1 1
17 18 12
11 15 16
6 8 4
0 2 10
13 15 5
12 13 16
23 4 9
8 10 14
15 19 12
23 2 16
13 17 10
5 8 1
23 3 10
16 18 1
20 1 5
14 15 8
0 3 9
13 15 1
19 22 11
5 9 13
1 4 2
17 20 15
20 0 10
6 10 9
6 9 4
4 6 8
11 14 12
16 19 1
8 12 15
1 4 1
2 4 16
2 5 5
21 1 4
22 0 1
21 1 8
19 22 2
14 18 6
18 23 14
1 3 16
4 8 12
18 21 7
13 15 10
12 15 9
7 11 2
20 22 4
6 10 5
20 22 11
3 5 9
14 16 13
5 7 11
0 3 8
1 4 4
10 11 5
12 13 4
8 11 2
5 8 16
15 19 10
0 3 10
18 23 5
19 23 15
16 19 12
22 0 2
11 13 12
12 13 7
23 3 15
14 18 3
16 19 3
20 22 11
11 13 8
19 20 15
5 10 7
7 9 6
16 18 16
5 9 14
8 11 9
19 22 1
13 18 12
10 14 3
4 6 16
1 3 12
6 11 7
23 0 4
12 15 10
4 7 16
13 16 15
2 5 2
16 19 14
4 6 10
8 11 14
22 0 8
14 17 10
0 2 11
9 13 5
6 9 16
12 14 1
17 21 9
16 17 7
11 15 5
4 6 16
17 19 5
14 16 14
15 18 9
14 17 2
10 14 14
23 3 6
13 16 4
20 22 2
8 12 1
13 16 12
17 19 10
19 21 2
23 3 1
10 12 8
12 17 4
3 7 3
20 23 6
3 5 10
8 12 15
2 6 5
17 20 3
17 21 10
10 14 16
21 1 9
6 9 6
1 3 6
21 1 12
20 21 15
17 19 8
16 19 4
1 5 8
15 17 12
16 19 12
17 20 13
8 11 16
9 13 1
11 13 10
14 19 10
4 8 5
4 7 8
14 17 14
21 1 2
10 12 6
5 9 9
14 16 12
8 11 4
9 11 9
12 13 5
7 10 6
20 0 15
11 12 1
13 16 1
18 22 2
21 1 11
4 7 7
15 18 1
0 4 10
21 0 5
2 6 9
3 7 1
4 7 9
9 13 2
20 0 7
18 21 1
0 3 9
23 1 6
15 20 13
5 8 7
9 12 4
10 13 5
16 18 7
13 16 7
3 5 1
16 18 11
1 3 3
18 19 4
2 4 2
2 5 3
15 18 14
20 23 9
20 23 15
16 17 12
0 4 16
17 20 11
3 7 11
13 17 9
12 15 9
16 19 13
10 14 10
16 18 14
22 2 7
18 20 4
13 17 15
7 10 8
8 12 12
23 2 11
16 17 3
9 14 4
20 1 8
4 7 9
10 12 4
22 0 7
22 2 13
12 15 13
12 16 5
5 8 16
1 3 14
22 3 16
4 7 13
2 4 2
18 23 5
0 4 11
10 15 12
17 20 8
19 21 5
23 2 5
22 0 9
12 16 9
11 13 7
10 13 11
9 12 4
11 14 2
16 19 14
14 18 16
0 2 3
22 0 4
12 15 15
5 9 12
22 1 8
15 17 13
17 22 1
14 19 15
11 14 4
4 7 7
9 13 3
16 19 7
13 16 15
5 9 9
10 13 15
15 18 12
10 13 13
12 13 10
15 18 12
16 19 9
15 19 16
1 2 5
22 0 16
12 15 1
11 13 2
7 11 3
23 2 15
21 1 4
14 16 13
1 3 15
2 5 9
0 4 14
14 15 6
1 5 4
3 5 1
10 14 15
17 21 3
1 5 4
18 20 16
21 0 11
17 20 12
8 12 2
7 10 8
8 10 15
12 17 9
9 13 6
9 12 3
20 23 5
14 17 7
8 12 2
4 7 8
13 17 8
8 11 9
13 15 7
13 16 13
17 21 16
18 20 13
8 11 1
8 12 3
5 7 7
2 3 16
14 15 15
9 13 5
4 7 8
10 13 7
10 14 14
6 10 9
18 22 2
5 7 10
20 0 8
15 18 11
12 16 7
2 5 9
11 15 13
0 2 15
14 18 13
3 7 11
5 9 2
11 15 16
10 11 5
7 10 13
5 9 4
16 19 15
12 14 6
11 15 3
13 16 3
16 19 12
1 3 6
0 3 16
14 18 1
18 20 4
2 5 6
11 14 5
11 13 9
8 11 15
6 7 10
11 15 10
21 23 3
13 16 1
1 4 3
5 8 15
20 22 11
22 2 8
2 5 11
5 8 15
14 18 7
15 17 3
22 1 4
8 9 11
15 20 14
21 23 15
18 22 11
12 16 2
5 9 16
22 23 11
16 19 16
8 12 1
21 1 4
16 19 6
18 21 9
3 6 1
6 8 14
6 9 5
9 14 9
17 21 1
22 3 11
15 17 2
2 5 8
4 6 12
11 13 16
11 14 3
16 21 12
11 13 8
7 9 15
12 14 5
13 18 15
8 11 7
19 22 13
13 15 6
2 5 3
22 1 14
13 16 5
4 8 11
15 17 14
5 8 15
9 12 2
4 6 2
4 7 15
14 17 14
1 5 1
16 18 14
15 18 14
8 11 6
3 5 6
16 20 15
6 9 4
19 21 7
18 22 9
7 12 13
9 12 12
4 8 9
6 7 6
3 7 5
19 21 11
20 0 12
12 15 16
18 22 7
16 19 8
22 2 5
10 12 7
20 23 1
18 20 2
17 19 9
18 20 12
7 12 7
3 4 3
7 11 13
21 1 11
9 10 12
23 4 10
23 2 16
8 11 13
6 7 11
3 5 9
4 7 6
11 17 10
3 6 2
6 10 11
12 15 12
11 14 2
16 19 1
19 21 9
7 9 15
21 2 8
23 4 12
9 12 10
1 3 12
17 19 5
11 13 4
15 19 14
22 0 12
20 20 5
1 3 3
17 18 9
12 15 7
10 12 10
6 10 16
17 18 6
18 20 1
7 10 13
5 6 7
6 8 4
8 10 16
9 12 13
5 7 10
18 21 2
19 21 13
5 6 4
19 22 6
4 6 16
9 12 7
19 22 3
4 5 2
14 19 1
21 1 6
5 7 3
13 14 14
4 7 2
12 15 15
12 14 3
23 0 10
14 17 2
13 16 15
20 22 13
14 17 7
10 11 6
12 16 12
2 4 5
20 0 9
22 1 8
11 14 12
17 20 11
9 12 8
18 17 8
14 18 13
10 15 10
1 4 7
10 13 16
11 15 7
0 2 11
23 1 13
6 9 8
15 19 9
23 2 9
13 17 7
23 3 14
22 1 2
18 21 16
16 21 8
14 18 12
10 13 9
0 2 1
14 16 7
6 10 3
6 11 9
15 18 4
20 22 15
1 2 1
8 9 6
13 16 6
17 19 6
0 4 13
15 17 7
11 13 15
11 13 5
13 15 10
6 9 4
0 1 2
22 0 14
7 9 1
7 10 10
2 5 16
15 17 4
12 15 7
21 23 5
0 3 7
18 20 5
19 20 2
18 23 5
16 21 10
1 5 10
18 0 11
14 18 9
23 2 13
9 11 3
13 17 7
6 8 13
12 15 11
14 16 12
17 20 10
6 10 8
20 23 16
12 15 9
4 6 5
22 1 1
6 10 12
10 13 2
20 2 11
22 3 16
11 13 6
4 7 3
16 19 4
14 18 1
6 9 7
9 13 15
14 18 2
5 5 13
1 3 1
11 15 6
2 5 12
18 21 6
11 14 10
0 2 3
17 22 16
6 7 9
16 18 11
2 6 8
0 3 14
7 11 5
9 12 13
17 20 14
11 13 16
3 5 11
3 4 5
6 10 6
14 17 15
13 17 13
21 0 6
17 21 15
15 18 10
20 23 1
18 22 15
21 0 11
14 17 2
17 20 5
14 17 12
5 9 14
22 2 16
16 18 15
11 15 6
12 14 14
20 22 1
15 19 7
20 22 12
0 3 11
21 2 13
23 2 10
4 5 15
22 2 5
12 12 3
20 23 10
12 15 4
22 1 4
11 15 14
12 15 1
17 20 9
14 17 14
5 8 9
18 21 2
8 11 7
22 1 12
18 23 4
19 22 15
4 6 15
0 3 7
10 13 14
16 19 11
8 12 6
22 0 8
17 20 3
14 17 5
20 0 2
21 0 13
20 0 9
20 0 9
6 10 13
10 12 4
0 3 9
7 8 15
3 5 11
12 15 15
19 22 2
14 18 1
1 5 2
6 11 16
9 10 3
8 10 7
10 11 16
7 11 13
5 9 14
17 21 4
12 15 6
22 4 9
23 2 12
15 17 11
4 9 13
21 1 13
14 15 3
12 17 15
8 13 2
9 12 14
9 12 16
14 16 8
8 11 5
17 20 4
20 23 10
6 9 14
12 16 15
8 10 9
15 18 4
3 7 5
18 20 1
19 20 5
2 6 4
6 8 5
4 9 12
6 10 13
11 14 4
0 2 1
21 23 5
22 23 16
8 12 1
11 13 15
14 16 1
4 8 6
7 8 13
1 3 1
10 15 8
14 18 3
16 19 7
23 3 4
12 15 13
8 11 8
4 7 8
6 9 12
21 0 8
15 18 7
0 2 5
5 7 7
21 1 6
4 8 11
4 7 6
10 12 4
8 12 11
3 7 16
15 19 7
0 2 7
10 12 1
11 13 1
11 14 5
0 2 5
5 7 5
20 0 10
18 21 14
18 21 12
9 11 1
16 19 15
20 1 1
10 13 10
2 5 5
14 16 12
5 9 15
11 13 6
22 0 7
21 23 12
18 23 8
6 12 8
17 20 2
21 0 4
5 7 3
16 19 11
0 4 13
2 6 5
6 8 3
6 7 7
16 18 13
23 2 8
9 10 4
1 3 6
7 11 11
12 16 16
13 15 11
13 16 9
1 3 9
23 2 3
6 10 16
21 22 3
4 9 15
1 3 11
5 9 9
14 17 14
6 9 10
21 23 13
16 19 5
19 1 5
17 20 15
21 2 3
9 13 14
15 18 14
6 9 4
15 17 7
18 21 9
21 1 12
15 20 12
3 9 3
9 12 10
10 13 11
17 21 3
15 16 3
4 5 14
8 11 5
0 4 1
11 14 9
23 2 2
21 23 14
20 0 14
19 22 4
16 19 10
0 3 13
0 2 1
1 4 16
16 18 15
21 0 2
0 2 11
1 4 16
12 14 11
12 16 16
14 18 5
21 0 11
17 18 16
0 5 8
13 17 12
9 11 5
17 20 13
2 7 14
7 9 10
15 19 5
16 20 10
17 20 8
3 7 16
12 14 1
19 23 6
