100 64
9 14 53 30 17 10 54 64 20 61 21 11 47 36 22 62 48 59 12 4 24 24 3 17 24 48 10 63 40 61 36 36 52 42 20 52 55 25 35 62 36 16 22 41 43 51 36 58 16 41 31 49 53 15 19 27 2 38 60 12 7 63 13 17 
10 14 35
11 15 57
9 11 9
0 3 59
1 5 30
19 22 54
17 19 63
1 3 3
9 12 60
2 6 56
7 10 2
19 21 59
1 4 29
17 21 53
13 17 32
0 2 59
3 5 64
6 9 64
0 1 43
10 13 49
3 7 38
1 3 46
4 7 49
19 22 19
0 3 17
12 15 15
7 11 9
22 1 42
2 5 19
9 11 42
11 14 54
17 21 48
20 22 22
23 0 26
5 9 19
22 0 56
8 12 55
21 1 9
0 5 54
6 10 50
2 4 28
23 0 25
6 9 7
19 22 24
18 20 62
12 14 30
3 6 29
19 22 8
6 10 58
17 20 31
21 23 34
1 4 44
20 0 50
9 12 35
4 8 33
20 22 39
5 9 56
6 9 36
18 22 1
2 6 23
12 15 17
22 1 55
14 17 10
0 3 24
16 18 61
23 2 51
18 21 63
20 0 29
12 15 16
5 9 20
20 23 50
11 16 25
9 12 21
22 0 64
5 9 19
23 2 52
16 20 47
4 5 47
12 16 45
10 16 31
10 12 45
12 15 25
9 12 49
18 22 4
16 20 57
8 12 3
10 12 17
4 6 30
18 23 28
19 22 11
18 21 63
1 6 37
2 6 24
2 7 62
3 6 31
5 9 28
11 14 13
8 10 5
13 16 42
10 12 24
