1000 64
38 48 33 1 45 53 10 50 4 34 15 62 60 36 38 27 10 49 53 37 45 53 51 56 28 33 49 7 22 38 7 38 27 4 8 55 28 45 48 16 34 5 2 19 43 32 33 62 18 15 19 13 31 39 41 4 49 5 53 61 28 45 36 59 
15 17 8
6 8 10
11 14 61
7 10 44
1 4 42
10 12 31
23 1 25
21 23 16
3 5 40
18 20 7
12 17 64
11 12 47
10 12 62
9 13 43
18 21 52
22 2 64
18 23 44
17 20 12
18 20 35
15 18 18
0 4 32
8 10 58
10 13 14
19 20 45
17 18 29
11 13 30
4 6 61
1 2 28
9 12 18
7 10 10
21 23 44
18 22 37
23 3 64
14 16 20
17 20 27
16 19 20
15 18 49
23 1 20
3 6 10
13 17 13
5 10 31
21 1 56
7 9 52
5 8 42
4 8 5
21 22 62
1 4 27
8 11 4
4 6 49
7 10 22
20 23 41
18 23 28
18 23 54
14 17 63
3 8 25
7 9 40
19 22 6
9 13 53
23 3 24
3 5 2
8 13 47
1 5 18
12 15 63
13 16 59
9 11 32
13 16 47
1 3 9
13 18 38
14 16 42
22 1 16
15 18 27
7 10 56
2 5 40
21 0 59
23 1 34
1 4 35
6 8 28
22 0 64
21 0 2
21 0 64
8 9 41
14 16 5
11 15 55
7 8 64
4 7 38
11 14 11
22 0 3
19 21 38
14 17 3
20 23 39
9 12 60
11 14 22
6 11 14
17 22 9
13 16 6
17 20 55
20 1 45
10 13 60
9 11 53
14 16 36
16 18 16
20 22 16
5 7 51
11 15 38
14 17 3
11 12 40
21 23 26
13 15 61
9 13 53
9 11 32
21 1 35
11 13 39
2 3 18
8 11 18
22 2 21
8 12 53
7 10 12
5 9 53
2 5 61
21 23 9
14 16 30
0 2 7
0 1 21
21 1 36
7 10 40
8 12 15
10 14 29
14 18 28
7 8 59
13 16 23
8 10 20
3 6 17
23 2 37
21 0 24
21 1 23
12 14 44
21 23 50
4 7 60
8 8 54
21 0 19
9 12 14
10 12 63
15 16 41
4 5 45
11 14 34
14 16 45
13 14 23
13 16 18
3 6 9
0 4 36
12 14 47
11 14 62
6 11 37
16 20 25
21 1 26
6 8 31
10 12 50
21 2 25
11 14 49
15 16 40
8 11 40
6 8 17
17 20 13
20 0 2
3 7 24
17 19 23
9 13 33
13 14 8
5 6 22
9 12 48
12 17 44
18 22 62
17 20 55
9 11 54
17 19 50
19 23 54
15 18 54
1 2 1
11 15 20
1 3 40
2 5 39
14 15 3
19 23 31
6 9 26
9 12 23
1 4 38
7 9 37
15 19 35
3 6 17
9 12 28
9 13 40
5 7 52
11 15 49
18 20 8
19 22 10
14 17 14
12 16 39
10 14 40
1 2 9
16 19 56
18 21 33
15 18 21
1 3 58
5 9 37
2 5 30
17 18 52
0 3 62
20 0 60
21 0 16
11 14 25
19 23 6
17 21 55
0 2 14
7 9 32
0 4 27
0 4 48
3 4 33
12 13 3
9 12 27
21 0 26
8 12 59
21 0 49
11 13 17
23 2 50
15 17 13
15 16 51
23 3 40
0 2 41
2 5 15
13 16 26
12 15 49
13 14 24
2 3 57
6 8 27
1 3 6
14 14 24
19 22 20
16 18 22
11 14 58
21 0 3
15 16 33
1 3 64
9 12 27
8 11 5
12 14 62
22 2 14
5 9 10
7 9 44
19 22 51
10 13 15
2 6 50
2 5 21
0 3 22
17 18 23
16 19 50
1 5 37
22 2 18
21 23 59
1 5 32
16 18 19
23 1 9
1 3 24
16 20 11
8 9 45
1 4 39
20 0 62
21 23 22
5 8 54
10 15 1
16 18 20
19 22 23
15 19 12
5 7 24
17 20 52
11 15 24
0 5 47
7 10 54
5 8 22
7 10 25
0 3 54
22 23 9
12 13 18
22 0 7
7 9 5
23 2 17
5 8 7
1 5 53
19 22 9
1 6 42
19 21 41
0 2 57
14 17 28
0 2 58
18 23 35
9 13 32
19 0 45
23 0 17
13 16 8
2 5 13
7 9 11
5 9 17
13 14 34
5 9 24
0 4 6
13 16 17
20 23 32
21 0 52
2 6 45
9 12 62
17 21 60
16 20 59
16 19 2
22 2 62
9 11 40
5 8 59
14 17 22
15 16 57
4 7 28
19 22 61
2 7 4
22 2 10
0 3 56
2 4 60
19 20 8
0 0 22
17 19 20
23 2 7
8 14 20
0 0 26
1 7 20
4 7 13
10 12 16
15 17 58
11 15 11
10 12 14
2 4 51
23 2 23
8 10 33
3 6 46
7 9 58
12 15 58
8 11 17
14 17 41
7 9 29
16 20 10
6 10 2
3 9 38
22 0 31
5 9 3
4 6 25
4 6 54
20 23 41
9 14 51
13 17 9
9 12 7
20 23 24
18 22 8
10 14 48
16 18 33
23 5 34
0 4 33
2 4 42
16 20 6
20 22 37
20 0 24
23 3 48
19 23 7
12 14 14
4 6 54
19 21 29
14 18 25
4 8 4
1 5 51
2 6 30
22 1 49
22 0 16
7 11 2
23 4 2
20 1 47
0 4 3
7 9 48
2 4 47
6 10 42
12 14 16
20 21 47
10 14 59
9 12 9
21 23 49
8 13 5
4 8 51
13 16 27
8 10 8
1 4 38
15 19 20
3 7 59
21 0 44
0 5 28
9 12 49
11 13 64
0 4 55
19 22 40
22 0 54
10 13 61
6 10 39
16 19 58
4 6 23
17 20 14
12 15 45
17 20 61
11 16 18
3 6 46
2 5 20
10 12 37
3 6 39
1 3 56
9 11 59
16 19 61
15 18 13
20 22 4
16 17 35
12 14 53
5 8 12
8 11 62
22 1 3
20 23 13
16 19 50
12 16 28
4 9 47
8 12 25
13 15 24
23 1 7
19 21 37
23 2 60
2 4 9
4 9 33
19 22 64
3 6 3
6 11 10
19 22 15
6 10 15
9 11 53
16 20 61
16 19 36
14 17 18
5 9 2
19 23 47
15 17 28
2 4 43
11 13 48
11 13 29
20 22 11
19 21 37
21 22 50
1 2 61
0 2 31
8 12 41
21 22 50
0 4 5
11 14 10
16 20 37
6 6 47
0 3 17
14 17 62
15 18 32
7 10 47
7 9 64
4 8 54
2 4 12
8 8 13
6 8 64
20 23 56
16 20 2
1 4 17
19 22 56
4 7 58
18 20 36
5 9 9
6 9 36
1 4 16
16 21 9
17 21 49
10 13 59
12 14 54
11 14 53
18 20 7
22 1 38
14 18 11
15 18 9
20 22 57
5 8 37
23 1 44
18 21 13
19 22 19
22 0 43
13 19 33
3 5 4
11 13 2
11 14 7
1 4 31
16 18 64
22 0 24
2 5 55
20 23 50
14 15 25
8 12 56
18 21 25
1 3 56
3 6 8
6 9 61
22 1 60
14 18 39
14 18 3
14 17 60
9 13 64
7 9 48
6 9 34
16 19 31
0 3 17
10 14 59
21 1 46
12 15 42
3 6 49
1 3 47
0 3 53
19 0 41
20 0 53
5 7 34
19 23 64
2 4 41
18 21 37
0 2 6
19 22 48
2 5 47
11 14 39
1 5 31
10 12 49
1 4 59
22 1 38
1 4 11
23 3 17
9 12 25
3 7 15
8 9 29
14 18 45
5 9 37
15 18 3
0 4 26
11 13 55
19 21 26
2 6 1
9 12 54
12 14 3
1 3 41
1 3 36
22 1 55
3 6 1
17 20 15
7 9 26
2 5 29
22 1 52
21 0 57
12 14 40
5 9 13
7 10 44
3 6 43
4 6 9
3 9 27
22 2 62
14 16 42
4 7 64
1 5 34
9 12 18
14 19 22
21 22 14
10 14 22
23 2 52
6 7 57
16 18 38
18 20 17
22 0 22
1 4 20
21 1 36
20 21 59
7 9 49
23 3 22
18 20 8
14 16 7
3 6 49
17 21 60
3 4 15
18 22 60
15 17 8
12 16 5
0 4 64
0 2 51
7 9 62
0 5 55
23 3 38
10 14 4
18 21 26
12 17 33
4 7 34
18 20 10
6 11 30
5 8 23
4 7 4
10 13 4
16 20 10
16 18 16
14 16 18
0 4 47
17 20 55
19 23 4
6 7 31
13 16 16
10 12 46
21 1 7
6 9 12
16 19 17
16 20 45
21 23 54
13 15 58
3 6 7
12 15 34
5 7 7
21 1 21
16 19 57
1 2 59
9 12 41
15 17 11
22 2 57
10 13 1
11 14 18
17 21 57
21 1 16
4 5 11
9 14 48
14 16 27
18 21 38
13 17 60
6 11 15
16 18 49
15 19 45
23 1 46
17 20 31
3 6 22
6 8 33
16 19 37
9 12 39
22 0 30
15 18 50
22 2 39
14 17 7
13 17 37
20 22 38
11 14 4
5 7 52
1 4 1
8 10 62
14 17 19
9 13 7
4 6 5
22 1 5
21 0 25
3 5 44
8 11 20
8 11 52
9 13 36
10 13 7
23 3 17
14 17 42
3 6 22
8 12 62
9 11 30
4 8 51
2 6 53
3 5 60
9 11 25
10 14 55
12 16 40
4 7 26
4 6 37
12 15 37
19 23 1
10 12 48
0 2 34
4 9 61
16 19 27
2 5 23
18 21 41
10 12 7
6 7 20
0 4 34
10 13 15
4 7 43
21 1 18
10 11 36
8 12 42
11 14 31
3 7 52
22 1 39
17 21 8
17 20 51
6 9 13
22 0 61
1 5 15
15 18 37
0 3 4
21 1 44
20 0 57
22 1 60
23 3 54
12 15 43
14 17 45
13 15 48
13 16 30
5 9 15
17 20 7
21 1 3
8 11 26
22 23 44
9 11 31
6 8 40
22 3 15
23 3 3
5 8 34
21 1 31
7 10 11
22 2 38
23 1 33
17 20 45
14 18 4
11 16 14
20 23 15
5 9 30
18 20 20
1 3 14
17 21 47
19 22 24
6 9 37
2 3 41
1 4 57
13 16 43
19 0 47
21 23 50
21 23 52
6 9 8
5 8 5
6 9 18
5 7 12
11 14 52
0 3 64
13 15 44
1 4 37
6 9 8
19 1 2
8 10 56
5 8 49
4 6 49
23 1 60
5 10 29
17 19 18
15 17 42
13 16 1
15 17 25
4 6 17
5 7 5
22 3 1
13 16 6
12 15 26
18 22 13
22 3 2
15 18 13
10 12 9
20 0 4
2 6 59
20 21 64
12 15 63
6 9 41
9 11 11
22 1 52
4 9 30
14 18 14
14 18 40
1 5 47
21 0 3
3 6 19
20 23 39
0 5 38
22 0 33
11 12 40
18 21 44
14 16 28
2 5 10
22 0 55
18 21 50
11 14 38
5 7 54
3 7 57
22 1 25
7 10 23
20 23 61
19 23 47
18 20 44
1 4 19
13 16 22
11 14 26
2 6 1
4 7 27
16 19 45
21 1 26
14 16 22
20 23 17
1 6 4
16 20 53
21 1 48
6 11 50
4 7 46
16 21 1
6 10 63
16 18 30
13 16 46
21 0 34
20 23 56
16 17 13
7 10 40
1 3 60
8 9 10
19 0 30
10 13 35
4 8 60
6 10 54
10 15 56
10 15 43
22 2 36
14 19 61
13 16 30
23 2 3
13 18 56
7 10 62
9 11 38
22 3 8
19 21 55
5 8 10
1 4 21
22 0 48
14 17 60
0 4 28
3 7 25
23 2 34
2 4 37
2 4 3
18 21 33
9 14 3
9 12 6
11 13 28
9 11 12
2 5 2
3 8 32
11 16 41
4 7 18
8 11 43
9 11 42
6 9 30
21 2 18
7 11 31
15 18 37
9 10 4
16 18 43
14 18 26
21 1 50
21 23 21
22 2 9
5 8 47
21 0 2
15 17 5
13 15 5
3 7 20
3 6 54
21 23 53
0 3 64
7 10 34
15 18 50
4 8 25
4 7 28
1 3 40
13 14 20
12 16 64
3 5 43
11 14 49
12 15 59
16 17 5
22 0 30
19 22 4
2 3 34
22 1 29
8 12 27
12 15 16
2 5 45
21 0 20
2 4 49
15 18 63
2 6 33
1 5 20
3 8 28
6 7 14
11 15 17
13 16 31
14 18 49
22 0 40
1 3 55
3 7 49
13 17 51
17 20 33
13 18 42
10 12 46
17 22 59
11 14 28
19 21 15
2 6 18
2 6 43
21 23 40
5 5 25
0 2 55
3 7 3
12 15 50
23 1 47
13 17 51
23 1 54
10 14 57
21 0 4
6 10 58
5 10 54
7 10 54
18 19 14
20 21 64
9 12 43
12 14 13
23 2 54
21 0 2
19 21 8
5 9 41
12 16 51
0 3 44
15 19 36
8 11 35
0 2 37
14 17 17
8 12 48
8 11 57
18 21 46
8 10 63
9 11 8
21 23 25
10 14 54
16 20 59
4 8 34
0 5 58
12 16 63
11 13 37
1 4 62
20 1 58
22 2 52
7 10 41
22 0 44
3 8 60
1 5 2
6 8 35
16 18 35
8 12 46
6 9 57
7 10 22
13 16 37
5 9 32
6 11 47
4 7 22
11 13 35
9 12 37
17 21 11
17 21 51
9 12 7
11 12 62
3 5 23
17 20 16
21 0 27
18 22 42
14 17 3
12 13 31
17 22 35
12 15 2
10 13 42
5 7 18
13 16 51
18 20 51
22 1 37
19 21 54
9 12 11
17 19 31
11 15 47
3 5 44
