1000 4
2 4 4 3 
11 15 4
16 18 1
10 11 1
23 0 2
19 22 3
16 19 3
22 2 3
23 3 2
18 22 2
3 6 2
17 22 1
16 21 1
19 22 3
13 15 1
21 23 3
16 22 2
23 0 2
15 17 3
22 2 4
7 11 4
0 4 1
9 13 1
19 22 2
18 22 3
20 23 3
18 22 4
21 1 1
1 4 4
9 12 3
3 6 3
5 7 4
9 12 4
10 12 3
0 3 3
10 14 3
17 21 2
6 10 1
1 3 4
6 8 4
21 1 4
1 4 4
1 4 4
7 10 3
9 13 1
19 21 4
4 7 4
8 11 1
17 19 2
4 7 3
9 12 3
11 14 2
3 8 3
12 14 4
5 7 3
12 14 2
19 21 3
12 13 1
17 21 4
9 12 4
8 12 4
8 11 4
23 3 3
20 23 2
13 15 2
7 9 3
23 2 1
20 21 1
1 4 4
22 2 2
5 11 3
1 3 2
22 1 4
20 23 1
21 0 1
10 13 2
15 17 3
7 11 1
14 16 1
5 9 2
6 8 1
14 16 3
0 2 1
14 17 1
17 20 4
19 23 3
12 16 3
2 5 3
0 4 1
4 7 1
12 16 1
6 10 3
8 11 4
0 3 3
18 22 3
23 2 3
4 8 3
18 19 3
2 4 2
2 5 3
13 15 3
17 20 4
22 1 3
3 5 1
14 17 4
1 5 1
8 9 4
5 8 1
3 7 1
18 21 2
10 13 4
9 11 1
0 2 3
16 21 1
6 10 3
1 4 2
18 21 2
9 12 4
7 10 4
1 4 1
16 19 3
5 8 2
12 13 2
20 23 1
5 7 4
10 12 2
10 13 2
15 18 2
3 6 1
11 12 1
11 14 2
22 2 3
15 18 1
12 15 1
2 4 1
22 23 4
12 14 4
23 4 4
14 18 1
11 14 1
6 10 4
18 22 3
20 0 1
10 13 3
1 4 1
22 2 3
0 3 4
15 19 1
15 18 2
7 11 4
4 7 4
23 23 4
3 5 3
5 9 4
14 16 2
6 7 3
18 23 1
16 19 2
17 19 3
23 3 1
2 4 3
11 15 2
14 18 4
13 15 1
7 10 2
1 4 2
2 4 3
15 19 2
3 6 2
18 22 2
17 19 2
1 4 2
11 13 1
5 8 4
19 23 4
1 4 4
23 2 1
20 22 1
18 20 2
15 17 2
4 6 2
22 0 4
12 16 3
12 15 2
21 23 2
19 22 4
23 3 4
21 1 3
2 5 2
6 8 1
15 17 2
16 20 1
22 2 4
11 15 1
16 20 2
17 19 4
0 3 1
18 21 4
2 4 2
21 23 2
15 18 2
6 10 3
7 9 3
2 6 4
21 22 3
6 10 2
19 22 1
14 17 3
6 9 4
14 17 4
23 1 2
23 1 4
9 13 3
22 1 2
5 9 4
23 1 2
7 10 4
4 9 1
19 21 2
18 22 3
11 16 1
21 23 3
10 13 2
1 4 3
23 1 3
16 21 3
19 23 3
23 5 1
2 5 1
16 19 4
11 13 1
19 22 3
19 22 2
20 0 4
16 18 2
5 7 2
15 18 3
3 5 4
12 15 3
10 13 1
19 22 4
16 20 3
9 12 3
23 2 4
23 2 3
18 20 4
9 12 2
18 21 1
7 10 2
7 10 4
3 6 4
1 5 2
22 0 4
3 7 4
1 3 4
15 18 4
3 7 2
16 18 4
7 10 3
12 16 3
2 6 1
7 8 4
21 2 4
0 3 2
23 0 1
4 8 3
18 22 1
4 7 4
21 22 1
6 9 2
9 11 1
4 7 4
20 23 4
14 18 4
23 2 2
9 11 1
7 11 2
16 20 3
16 19 3
6 9 3
7 10 4
8 12 3
22 1 3
5 9 3
16 20 1
22 23 2
17 22 1
9 12 1
6 10 1
19 21 4
22 2 2
6 8 3
13 17 1
7 11 1
13 16 3
18 22 4
14 19 4
19 23 4
2 4 4
16 20 2
9 12 1
2 6 4
22 1 4
11 14 1
8 12 2
8 10 4
1 2 3
10 13 2
8 13 4
5 8 4
8 11 4
20 23 1
9 12 1
22 1 2
6 8 1
17 20 2
15 16 4
10 13 1
22 2 3
13 18 3
22 3 1
7 11 3
5 9 4
10 10 3
0 3 4
16 17 2
5 9 3
7 9 2
0 5 4
17 20 3
15 18 3
20 22 1
4 8 1
8 10 2
13 16 1
14 17 3
7 9 1
16 20 3
16 19 1
9 11 3
15 18 1
17 20 1
16 18 3
14 17 3
17 19 4
11 13 2
5 9 2
9 11 4
19 21 2
19 22 2
16 19 2
9 11 4
19 21 1
4 7 1
21 23 4
6 8 3
6 9 4
1 4 1
21 22 1
20 22 1
3 6 4
1 5 1
10 13 4
3 8 1
2 5 3
5 10 3
21 0 4
4 7 4
11 14 2
9 11 3
7 12 3
17 20 4
10 14 1
20 0 2
14 18 3
12 14 2
7 11 1
5 7 2
11 15 3
8 11 4
3 4 1
4 7 3
18 22 3
5 6 2
0 4 1
2 5 1
18 22 3
3 7 1
10 12 4
12 16 4
17 22 2
14 17 4
0 2 2
17 20 2
19 0 2
2 4 1
16 18 1
22 2 3
14 15 4
20 22 1
22 1 4
8 12 2
4 6 2
9 11 1
23 4 2
19 23 1
5 9 1
13 16 3
18 20 1
2 7 2
20 23 3
23 2 3
6 9 1
9 13 1
0 2 2
9 10 4
21 0 2
20 22 4
8 13 3
13 20 3
3 6 1
21 1 4
12 14 1
11 13 3
11 15 4
0 4 4
3 7 2
10 12 1
11 13 2
11 17 4
0 2 4
23 1 1
8 12 3
1 4 2
18 21 3
18 20 2
3 7 1
2 5 2
5 9 1
14 17 4
6 10 1
12 16 1
7 12 3
13 18 3
19 23 1
17 20 2
7 10 2
1 4 2
0 4 4
6 9 4
15 18 1
9 15 4
6 9 4
15 18 2
3 5 2
6 9 1
20 22 4
12 13 3
5 8 1
7 10 4
10 12 3
14 18 2
11 14 2
14 16 4
0 2 1
22 0 2
21 0 3
5 7 1
19 21 1
14 15 3
13 15 3
14 16 3
10 12 2
4 7 4
5 9 3
22 0 3
9 12 1
17 20 1
14 16 3
19 23 4
20 1 4
21 23 3
7 9 3
12 16 2
2 5 2
16 20 4
15 19 1
2 4 4
6 10 1
5 7 3
11 14 2
23 4 2
18 21 1
16 19 3
7 10 2
22 0 2
2 5 1
5 9 1
5 9 1
23 2 4
5 7 3
22 1 2
22 1 3
14 15 1
15 19 4
12 16 1
3 5 4
17 21 4
22 1 4
0 4 2
23 1 3
16 19 2
9 13 3
17 19 2
3 7 1
18 20 3
1 6 4
23 3 2
17 22 2
16 20 2
1 4 1
14 17 2
16 19 3
12 15 4
6 9 4
15 18 2
9 11 3
11 15 2
18 23 2
18 20 1
10 14 4
9 14 2
3 5 4
21 0 4
11 14 3
19 23 1
9 12 1
3 5 3
8 11 1
18 20 2
16 18 3
3 5 1
19 23 3
2 6 3
17 20 2
13 16 4
22 3 4
11 14 1
20 1 3
12 14 2
0 4 1
7 10 2
1 5 2
16 17 3
6 9 3
17 18 2
1 4 1
2 6 4
8 9 2
2 4 4
2 6 4
2 5 1
21 23 2
20 23 4
20 1 2
1 4 4
14 17 1
14 17 1
2 6 1
19 22 3
8 11 1
3 7 3
2 4 3
15 19 3
14 17 2
8 10 1
3 6 1
9 12 1
1 4 4
23 3 4
20 23 2
2 4 1
19 21 1
4 9 3
1 4 4
9 11 3
15 17 4
11 12 1
23 4 3
13 15 4
0 1 3
1 4 3
0 3 3
4 7 4
14 16 4
15 20 1
14 18 1
21 1 1
7 9 2
22 3 3
14 17 2
18 21 3
22 1 3
16 19 4
9 11 2
22 0 4
23 1 2
8 9 2
21 0 4
19 21 3
11 15 4
12 15 3
13 16 1
23 2 2
19 21 4
11 15 3
3 7 1
19 22 4
10 15 3
2 4 3
7 11 1
9 10 4
4 7 4
13 17 2
2 4 4
2 7 3
8 10 3
6 10 3
12 15 1
14 20 2
18 21 2
17 20 2
3 5 4
7 10 1
15 19 4
16 19 4
12 14 4
6 9 2
21 23 4
8 11 3
3 5 4
19 21 1
3 5 2
19 22 3
20 0 3
12 14 2
5 7 2
10 12 3
11 15 2
1 5 1
13 17 3
18 20 3
13 17 3
23 2 4
3 6 1
18 22 1
9 12 1
10 12 1
17 20 1
13 16 1
14 17 4
8 10 1
20 0 2
5 9 4
8 12 3
4 7 4
5 9 2
23 1 4
7 9 3
11 15 1
7 11 3
18 21 2
21 0 1
12 15 1
23 4 3
23 2 3
14 18 3
12 17 3
2 4 3
7 10 2
3 6 2
20 23 2
15 18 1
16 19 1
7 9 2
14 15 2
11 16 1
4 6 2
23 3 1
11 12 1
21 0 3
20 0 3
23 0 1
11 16 1
16 19 2
12 13 3
6 10 1
16 19 3
20 0 4
9 11 2
0 3 4
17 20 2
20 23 4
13 16 1
17 18 4
9 12 2
11 13 2
12 15 2
7 10 1
23 3 4
11 14 1
2 5 3
13 15 3
9 10 3
9 12 3
21 23 1
18 19 3
22 2 1
12 15 3
2 3 3
10 13 2
21 23 1
18 0 2
21 1 1
13 16 4
1 4 1
14 17 1
13 16 3
13 16 3
12 16 1
0 3 3
20 0 4
1 4 4
22 0 4
22 0 3
1 4 3
5 9 1
5 8 3
10 14 1
21 0 3
9 12 4
20 1 1
5 9 3
10 13 4
21 0 3
10 13 2
23 2 2
8 9 2
0 3 3
2 6 1
18 19 2
10 13 2
19 21 3
6 7 2
2 6 1
9 13 3
8 12 3
14 17 4
5 9 1
8 10 2
16 20 1
19 21 4
18 20 4
14 19 2
1 3 1
2 5 4
6 9 4
11 14 2
15 17 3
23 2 3
2 4 1
13 14 1
2 5 4
2 3 1
7 11 3
8 10 4
11 13 3
22 2 3
11 14 3
8 11 4
16 18 4
21 2 4
1 3 2
8 10 1
0 3 4
8 12 1
9 12 4
3 5 3
5 9 3
8 10 4
5 8 2
11 13 2
2 7 3
1 4 4
1 3 2
10 13 3
23 0 3
1 5 2
22 2 1
23 1 4
8 10 1
7 10 1
11 13 4
17 21 1
17 21 3
20 0 1
21 1 3
13 16 2
1 3 3
12 16 1
4 8 1
18 21 1
0 3 4
0 4 4
8 11 1
22 3 4
8 11 3
18 21 2
13 17 2
18 19 3
4 8 4
23 1 4
9 13 3
2 6 3
22 0 2
4 8 2
21 0 2
15 18 2
21 2 1
9 12 2
14 16 2
23 2 3
4 6 2
6 9 1
9 11 1
0 2 4
13 18 4
6 7 3
6 8 4
17 20 4
19 22 4
17 19 2
14 18 4
9 14 2
8 11 1
13 15 2
14 17 1
9 11 4
0 3 1
18 20 1
7 10 3
10 12 3
20 23 4
18 20 3
6 8 1
18 21 2
16 18 3
18 0 1
2 4 4
16 18 1
20 0 3
11 15 2
9 12 4
16 18 4
10 13 4
4 5 2
1 6 1
12 16 1
2 3 1
15 18 2
17 19 4
20 1 1
11 14 4
2 5 3
0 3 4
23 2 4
15 19 2
7 9 3
0 3 1
9 11 1
16 18 2
9 14 4
22 2 4
2 4 4
21 23 4
22 1 3
0 4 4
7 10 2
7 11 2
6 10 4
5 9 3
5 8 4
23 3 3
1 3 1
8 9 2
21 0 1
9 11 3
21 0 3
11 13 1
19 22 1
2 6 3
21 1 3
4 7 4
19 22 2
11 14 1
8 10 1
12 14 2
4 7 4
14 18 1
3 6 3
20 22 3
18 20 4
13 15 2
23 3 4
10 12 3
21 0 4
4 7 2
21 0 1
16 20 4
6 8 3
21 1 4
9 13 3
7 10 1
14 16 3
22 0 3
9 11 3
13 15 2
14 18 4
15 18 1
19 22 3
9 13 4
17 21 4
13 18 1
3 4 3
20 22 3
2 5 3
18 21 1
1 3 1
14 17 3
6 8 1
15 19 3
21 0 2
4 9 2
15 18 3
13 15 4
18 21 2
0 3 4
12 16 1
4 7 1
17 20 4
10 14 4
16 19 4
21 0 2
5 8 4
20 22 1
0 2 2
6 11 2
8 11 4
18 22 3
15 19 1
12 15 1
15 18 4
21 1 1
21 1 3
12 16 2
13 16 1
15 19 3
21 0 1
7 9 2
6 10 3
19 22 4
3 5 1
11 13 2
19 22 1
12 15 3
11 14 2
2 4 2
6 8 1
10 12 2
9 12 3
1 5 3
4 8 4
21 23 2
17 18 1
23 1 2
19 21 3
2 5 1
6 7 4
3 6 2
19 23 3
4 6 4
18 21 4
16 19 1
10 11 3
5 6 4
22 0 1
23 1 3
18 21 4
8 12 1
18 20 2
20 23 2
