100 8
1 1 5 8 5 5 8 6 
0 4 2
20 1 3
18 23 1
23 2 1
6 9 1
16 18 6
19 21 3
8 13 3
22 1 4
5 7 6
15 18 4
13 16 5
22 1 3
8 11 7
20 22 8
2 6 2
13 17 8
12 15 5
23 2 3
12 16 1
4 7 8
12 13 1
10 13 8
8 11 5
12 15 6
17 18 7
8 10 2
14 17 4
12 14 2
7 10 8
17 21 6
1 4 1
7 9 2
10 12 1
16 19 6
4 4 7
0 1 2
4 7 3
17 21 8
17 19 2
1 3 1
19 23 7
6 11 5
1 3 5
22 0 4
2 5 5
5 7 1
14 17 5
0 3 3
14 17 5
23 2 8
21 1 6
23 0 4
16 20 7
18 22 2
19 23 4
9 13 1
15 19 7
18 20 6
15 17 8
10 13 1
21 23 2
0 2 4
2 3 2
0 2 6
2 5 6
3 5 7
10 14 7
18 18 6
20 0 2
21 0 3
21 0 6
7 11 7
18 21 6
4 8 8
17 20 8
23 2 8
11 15 6
13 16 3
17 20 5
9 11 6
10 12 3
17 19 3
12 16 7
7 9 6
21 2 7
1 5 2
8 10 8
18 21 6
6 9 4
10 14 2
12 15 1
7 8 1
23 2 3
4 7 1
12 15 1
9 13 2
13 16 7
19 0 2
13 17 6
