1000 32
8 13 14 27 30 21 7 30 24 1 26 6 9 11 25 19 12 19 11 6 28 8 3 11 28 13 27 14 28 3 26 8 
14 18 10
8 13 13
2 7 9
0 3 19
0 3 11
18 23 30
1 4 14
6 9 27
12 13 3
3 7 14
19 23 18
19 21 17
23 3 17
11 13 1
4 6 22
13 16 12
14 16 15
3 5 19
8 9 11
16 19 14
18 21 7
5 7 13
17 20 8
8 11 10
3 6 17
10 12 31
7 10 12
22 23 16
23 2 30
23 2 8
9 13 4
3 6 25
11 14 31
18 21 15
1 5 9
4 7 24
7 10 26
3 6 13
12 14 13
7 10 17
4 5 24
6 11 19
5 8 7
15 16 29
11 15 9
4 8 18
19 23 19
8 13 14
21 22 16
13 17 4
7 8 14
21 0 21
10 13 14
18 21 3
15 17 11
16 18 3
22 1 14
18 19 8
9 14 32
4 7 16
1 5 24
20 20 29
6 9 8
10 14 21
9 13 9
23 4 12
5 7 29
19 0 23
12 14 23
19 23 21
11 14 14
12 15 25
11 15 29
22 0 31
21 23 30
17 23 2
12 14 14
3 6 17
1 3 25
18 20 17
3 8 31
10 12 25
7 8 29
22 1 32
17 19 25
17 22 8
0 3 15
7 8 7
12 15 5
11 15 1
13 16 25
18 21 14
7 10 6
7 9 24
11 12 3
14 17 3
21 0 19
15 18 16
14 18 12
15 17 5
6 10 12
17 20 31
19 22 16
8 12 14
3 6 9
0 4 24
3 5 24
22 1 1
1 4 22
22 3 3
12 16 17
18 20 2
17 20 12
19 22 7
5 10 7
9 11 26
8 11 17
3 6 26
5 6 19
19 23 13
7 10 22
15 17 2
18 21 28
0 3 5
19 23 22
4 6 8
0 3 29
9 12 16
19 22 22
20 22 31
20 23 28
20 0 22
19 21 6
11 13 21
1 4 7
11 15 26
3 5 4
20 0 5
19 22 19
3 7 24
6 10 21
1 3 9
0 4 20
13 15 15
0 2 11
14 17 23
20 23 5
3 7 13
14 19 13
7 9 14
6 8 18
17 22 32
6 9 1
17 22 13
11 14 22
23 3 23
12 16 32
10 12 15
16 19 13
18 20 32
17 20 5
8 11 9
3 4 11
18 19 15
16 19 22
8 11 26
14 17 1
13 17 7
8 11 18
16 19 8
15 19 6
9 14 14
4 8 30
14 17 14
3 5 2
5 8 15
4 7 5
11 13 11
6 9 23
3 5 28
16 20 9
15 21 1
20 23 28
11 14 15
22 1 30
19 23 12
4 7 31
12 13 28
9 12 13
23 1 14
11 14 26
12 16 2
13 17 18
14 17 8
14 16 26
9 12 20
9 11 10
8 13 3
9 11 29
22 3 14
21 23 32
14 17 26
21 0 8
4 6 24
22 1 24
10 12 11
21 23 12
14 15 18
10 12 24
19 22 3
15 18 18
4 6 25
7 10 28
9 12 26
4 8 4
5 10 23
14 18 3
10 13 28
4 6 14
17 20 3
22 2 2
13 16 2
18 20 2
14 17 28
9 11 17
3 6 26
22 1 8
23 1 31
13 16 14
0 2 15
0 3 18
7 9 18
5 8 5
10 11 31
3 5 12
17 21 5
4 7 4
23 3 4
11 12 29
3 7 27
0 2 9
0 2 2
4 8 2
10 12 27
10 14 10
11 15 12
10 15 13
18 22 22
12 17 17
10 13 11
1 5 21
6 10 21
14 16 11
14 17 4
9 11 21
16 19 30
18 19 11
4 8 1
12 15 1
17 19 24
0 4 27
20 2 10
18 21 19
23 3 6
6 10 31
19 23 17
17 19 22
13 16 20
8 11 16
3 6 28
3 6 11
17 20 3
22 1 20
19 19 3
23 3 21
18 22 31
6 9 3
21 23 11
5 7 29
23 1 19
10 13 22
5 8 26
12 15 17
17 21 25
12 15 26
23 1 15
12 15 22
9 12 14
20 23 6
18 21 6
7 11 28
22 1 18
8 10 18
14 16 15
13 17 13
22 0 21
20 21 22
17 20 28
22 3 32
0 1 7
22 2 16
10 13 12
22 3 10
8 11 18
17 22 10
22 2 16
18 20 14
5 7 25
15 18 2
18 21 18
18 21 29
10 13 27
10 14 23
11 14 30
23 0 28
10 13 1
22 1 22
18 22 30
11 13 3
10 12 27
18 21 16
11 14 9
8 10 29
8 9 19
16 19 10
9 11 19
1 6 12
21 0 12
5 8 3
8 10 16
9 13 4
21 23 8
23 3 11
1 2 25
10 15 21
19 21 1
22 0 24
1 4 15
15 18 16
3 6 17
11 14 6
16 17 9
13 16 17
11 14 15
0 5 31
11 13 12
1 6 23
5 7 12
12 15 28
1 4 4
18 21 10
6 8 11
10 13 5
20 22 1
19 0 7
6 9 14
5 7 10
8 11 20
17 20 24
21 0 29
14 17 7
15 18 29
16 19 7
5 7 26
11 16 14
18 23 3
15 18 22
22 0 4
3 7 9
15 18 7
6 9 11
14 19 30
10 13 27
20 21 13
17 20 15
22 0 7
5 7 31
14 16 21
6 8 8
7 11 14
6 9 31
5 9 2
3 6 29
20 23 22
3 5 7
14 17 27
11 10 20
8 13 11
0 5 6
3 5 2
20 0 18
7 8 23
9 12 27
6 9 18
1 3 23
14 17 1
2 4 5
17 20 30
21 22 7
18 21 31
12 15 6
1 4 11
6 9 14
23 2 14
11 13 31
11 13 17
9 11 25
13 15 17
17 19 14
10 13 11
14 17 24
10 12 27
4 8 1
18 21 14
16 19 4
4 7 11
5 7 11
3 8 8
1 3 26
2 5 12
15 18 28
15 16 10
4 6 23
19 23 30
20 0 6
10 12 23
20 0 6
12 17 28
8 11 24
1 4 19
2 5 23
13 15 12
2 4 8
22 2 12
8 10 30
5 8 18
2 5 16
12 17 25
6 9 28
13 17 7
11 14 24
6 7 9
10 10 28
10 13 18
13 17 15
14 16 17
1 5 21
12 15 2
10 13 12
0 3 19
0 3 15
20 0 18
19 0 22
16 18 24
20 22 17
10 13 7
14 17 2
13 16 9
10 15 14
4 6 11
4 8 28
18 22 28
6 9 11
9 12 28
22 23 18
9 13 20
19 0 30
22 0 29
16 20 9
0 2 7
14 19 9
13 17 5
23 2 18
23 3 2
1 4 2
5 9 25
20 0 4
3 6 24
10 14 23
23 3 6
10 15 17
10 12 31
0 2 13
19 21 14
11 13 27
19 23 24
0 4 7
19 21 9
6 10 8
7 11 6
10 15 28
19 21 25
18 21 32
9 13 29
2 5 24
9 12 12
19 22 26
2 7 16
16 20 30
15 19 17
15 17 30
22 2 4
21 2 6
6 8 13
1 5 15
18 21 2
14 18 17
9 10 14
2 4 16
21 1 3
11 16 23
10 14 5
10 12 3
16 19 24
19 21 4
5 8 5
1 6 17
16 19 10
18 22 26
23 3 32
22 0 28
23 0 25
7 9 2
3 6 27
0 4 20
19 1 8
6 6 17
9 11 12
10 16 22
17 21 5
20 22 2
11 14 25
12 15 28
0 3 19
3 5 6
20 0 5
3 5 8
15 18 25
22 23 23
9 12 10
13 16 31
12 15 18
3 8 9
5 10 31
15 19 12
12 16 1
3 6 20
22 0 14
21 23 12
11 13 23
0 5 10
20 23 21
4 7 29
16 18 16
21 2 9
23 0 23
23 2 1
9 11 3
19 21 2
15 18 17
23 3 12
17 21 27
10 12 11
8 11 31
19 22 4
7 10 12
15 18 9
11 15 24
3 6 32
7 10 18
21 0 5
20 0 4
7 12 28
2 4 10
9 13 3
1 4 11
14 18 7
13 16 24
8 11 9
22 1 5
17 20 3
5 8 18
20 0 20
15 18 1
1 3 4
19 23 14
0 3 26
8 13 20
18 22 20
11 14 21
23 4 10
3 6 7
2 5 28
0 3 17
17 19 30
8 10 18
23 2 16
23 3 28
20 21 31
21 23 22
11 12 27
7 10 3
11 16 5
13 14 2
11 14 15
2 6 9
22 1 28
9 12 4
5 7 10
16 18 23
15 18 2
0 3 24
7 10 26
10 11 31
4 7 31
5 8 12
18 23 3
18 21 12
18 22 10
1 5 4
5 9 25
16 20 8
5 10 26
8 11 11
17 20 1
11 14 27
12 14 12
12 15 2
13 15 17
8 10 10
6 9 22
22 2 15
4 8 21
9 13 1
9 10 6
9 11 32
6 7 25
16 21 20
19 1 22
5 10 13
1 6 23
4 6 9
14 15 28
12 16 4
11 15 32
12 14 4
22 1 32
12 15 32
8 10 26
6 10 24
14 18 2
16 20 6
19 22 3
11 13 31
4 7 27
10 13 20
12 15 1
13 16 21
2 5 10
16 18 29
11 15 13
16 19 5
4 7 7
9 11 19
12 13 26
21 1 32
6 8 32
21 2 17
18 20 5
11 15 10
2 5 14
6 9 31
4 7 8
7 11 32
13 16 22
14 17 7
10 12 21
15 18 2
8 12 9
11 16 20
12 17 19
8 10 14
0 3 14
8 10 23
3 5 17
14 17 17
22 0 15
16 21 17
16 19 8
2 4 19
10 13 32
8 11 20
20 22 1
8 10 21
20 23 18
6 9 12
3 5 6
10 13 8
23 3 10
17 20 16
20 1 2
8 11 6
23 2 3
15 19 3
8 11 29
14 17 22
12 16 31
11 15 26
14 17 5
23 1 3
11 15 12
5 8 6
13 16 22
10 12 11
21 0 23
6 9 4
4 6 20
5 8 4
21 23 27
21 23 25
16 19 32
7 8 9
8 11 20
3 7 13
2 3 24
11 13 13
12 14 9
3 7 19
19 23 14
10 13 10
2 5 2
10 13 23
16 21 2
0 3 8
23 3 17
15 19 10
19 20 4
7 10 23
9 12 30
18 22 5
5 7 3
10 12 21
22 1 32
1 2 29
19 20 13
14 17 19
0 2 20
7 10 20
15 19 31
20 23 23
14 16 32
2 6 10
7 11 16
3 7 23
7 10 2
14 18 32
6 10 27
0 2 6
7 10 7
20 22 30
18 22 26
4 5 28
5 7 25
22 1 31
20 23 2
0 2 18
10 12 24
5 8 31
2 6 25
11 13 30
17 19 14
17 21 19
22 3 8
9 11 25
13 16 29
17 19 3
8 11 20
9 11 2
1 4 1
19 23 20
22 0 30
12 16 28
11 15 10
12 13 28
3 6 28
10 12 12
22 0 26
6 9 5
4 5 32
0 1 20
14 17 14
0 5 2
18 20 8
15 18 13
20 23 12
6 10 15
14 19 29
11 16 15
10 14 29
10 13 20
23 3 32
21 0 31
6 7 22
23 0 28
2 6 11
4 7 11
22 2 20
1 4 27
12 14 10
3 7 21
3 5 10
9 14 17
8 11 13
23 3 28
14 16 3
7 11 16
14 19 18
20 23 10
6 11 30
18 21 23
17 22 29
5 8 26
20 1 23
22 1 24
17 21 19
0 3 28
17 20 16
0 4 29
7 9 3
12 13 29
6 11 16
21 0 1
6 9 9
20 23 14
21 0 25
12 13 20
5 6 15
2 6 9
3 5 14
2 3 20
9 13 14
6 11 7
1 3 13
13 15 6
18 21 10
4 6 31
21 0 5
19 22 28
23 3 11
11 14 28
14 17 17
18 20 28
2 6 18
13 15 7
15 19 16
1 3 17
21 23 9
17 19 23
17 20 17
22 1 9
3 7 24
4 6 1
8 11 20
9 13 7
22 3 29
6 9 15
15 18 19
11 14 9
14 18 13
13 17 7
23 2 12
0 3 30
2 6 22
8 9 27
18 22 1
0 3 26
0 4 27
23 2 5
10 13 31
16 17 12
4 7 27
10 13 30
21 0 14
0 2 29
23 1 32
10 12 30
21 0 5
20 23 12
2 4 9
11 13 12
5 6 25
7 9 1
5 7 20
9 12 13
21 0 11
13 16 12
7 10 22
14 19 9
2 5 21
21 0 32
6 9 7
10 13 29
7 10 17
23 1 17
4 7 4
11 12 2
14 17 32
7 10 8
22 0 13
9 13 30
23 4 14
21 0 7
4 7 16
1 3 4
3 7 2
3 5 10
3 6 25
22 0 4
20 23 12
4 7 18
9 11 12
18 23 29
9 12 7
19 22 30
15 18 27
10 13 1
11 14 25
17 20 32
6 7 27
16 19 13
14 16 19
16 20 15
8 12 30
21 1 24
20 22 24
11 14 13
3 8 16
20 21 14
14 18 4
11 15 4
14 15 5
3 8 14
21 1 12
12 16 17
11 14 30
20 0 20
19 22 32
2 7 24
8 10 15
7 9 13
6 10 20
5 8 32
12 15 31
17 20 31
19 22 14
5 8 26
20 0 7
16 19 13
7 10 12
19 22 10
21 23 25
1 4 29
13 15 3
16 19 3
4 6 20
19 21 13
2 5 30
3 5 19
1 5 21
12 14 29
18 23 13
1 2 19
20 23 10
6 10 14
23 2 10
3 6 8
15 18 29
22 1 6
8 10 19
23 2 1
7 9 14
5 8 12
9 11 14
12 15 28
16 19 6
16 19 15
21 23 9
23 1 19
1 4 18
12 15 30
18 21 29
16 18 18
13 14 20
22 1 27
11 15 21
22 2 26
10 13 2
19 0 21
17 19 15
18 21 8
